0	0	0	7.071067907	7.071067717
0.001	0.007071067907	0.007066162717	7.071067907	7.061257717
0.002	0.01414213581	0.01412251543	7.071067907	7.051447717
0.003	0.02121320372	0.02116905815	7.071067907	7.041637717
0.004	0.02828427163	0.02820579087	7.071067907	7.031827717
0.005	0.03535533953	0.03523271359	7.071067907	7.022017717
0.006	0.04242640744	0.0422498263	7.071067907	7.012207717
0.007	0.04949747535	0.04925712902	7.071067907	7.002397717
0.008	0.05656854325	0.05625462174	7.071067907	6.992587717
0.009	0.06363961116	0.06324230445	7.071067907	6.982777717
0.01	0.07071067907	0.07022017717	7.071067907	6.972967717
0.011	0.07778174697	0.07718823989	7.071067907	6.963157717
0.012	0.08485281488	0.08414649261	7.071067907	6.953347717
0.013	0.09192388279	0.09109493532	7.071067907	6.943537717
0.014	0.09899495069	0.09803356804	7.071067907	6.933727717
0.015	0.1060660186	0.1049623908	7.071067907	6.923917717
0.016	0.1131370865	0.1118814035	7.071067907	6.914107717
0.017	0.1202081544	0.1187906062	7.071067907	6.904297717
0.018	0.1272792223	0.1256899989	7.071067907	6.894487717
0.019	0.1343502902	0.1325795816	7.071067907	6.884677717
0.02	0.1414213581	0.1394593543	7.071067907	6.874867717
0.021	0.148492426	0.1463293171	7.071067907	6.865057717
0.022	0.1555634939	0.1531894698	7.071067907	6.855247717
0.023	0.1626345619	0.1600398125	7.071067907	6.845437717
0.024	0.1697056298	0.1668803452	7.071067907	6.835627717
0.025	0.1767766977	0.1737110679	7.071067907	6.825817717
0.026	0.1838477656	0.1805319806	7.071067907	6.816007717
0.027	0.1909188335	0.1873430834	7.071067907	6.806197717
0.028	0.1979899014	0.1941443761	7.071067907	6.796387717
0.029	0.2050609693	0.2009358588	7.071067907	6.786577717
0.03	0.2121320372	0.2077175315	7.071067907	6.776767717
0.031	0.2192031051	0.2144893942	7.071067907	6.766957717
0.032	0.226274173	0.2212514469	7.071067907	6.757147717
0.033	0.2333452409	0.2280036897	7.071067907	6.747337717
0.034	0.2404163088	0.2347461224	7.071067907	6.737527717
0.035	0.2474873767	0.2414787451	7.071067907	6.727717717
0.036	0.2545584446	0.2482015578	7.071067907	6.717907717
0.037	0.2616295125	0.2549145605	7.071067907	6.708097717
0.038	0.2687005805	0.2616177533	7.071067907	6.698287717
0.039	0.2757716484	0.268311136	7.071067907	6.688477717
0.04	0.2828427163	0.2749947087	7.071067907	6.678667717
0.041	0.2899137842	0.2816684714	7.071067907	6.668857717
0.042	0.2969848521	0.2883324241	7.071067907	6.659047717
0.043	0.30405592	0.2949865668	7.071067907	6.649237717
0.044	0.3111269879	0.3016308996	7.071067907	6.639427717
0.045	0.3181980558	0.3082654223	7.071067907	6.629617717
0.046	0.3252691237	0.314890135	7.071067907	6.619807717
0.047	0.3323401916	0.3215050377	7.071067907	6.609997717
0.048	0.3394112595	0.3281101304	7.071067907	6.600187717
0.049	0.3464823274	0.3347054131	7.071067907	6.590377717
0.05	0.3535533953	0.3412908859	7.071067907	6.580567717
0.051	0.3606244632	0.3478665486	7.071067907	6.570757717
0.052	0.3676955311	0.3544324013	7.071067907	6.560947717
0.053	0.374766599	0.360988444	7.071067907	6.551137717
0.054	0.381837667	0.3675346767	7.071067907	6.541327717
0.055	0.3889087349	0.3740710994	7.071067907	6.531517717
0.056	0.3959798028	0.3805977122	7.071067907	6.521707717
0.057	0.4030508707	0.3871145149	7.071067907	6.511897717
0.058	0.4101219386	0.3936215076	7.071067907	6.502087717
0.059	0.4171930065	0.4001186903	7.071067907	6.492277717
0.06	0.4242640744	0.406606063	7.071067907	6.482467717
0.061	0.4313351423	0.4130836257	7.071067907	6.472657717
0.062	0.4384062102	0.4195513785	7.071067907	6.462847717
0.063	0.4454772781	0.4260093212	7.071067907	6.453037717
0.064	0.452548346	0.4324574539	7.071067907	6.443227717
0.065	0.4596194139	0.4388957766	7.071067907	6.433417717
0.066	0.4666904818	0.4453242893	7.071067907	6.423607717
0.067	0.4737615497	0.451742992	7.071067907	6.413797717
0.068	0.4808326176	0.4581518848	7.071067907	6.403987717
0.069	0.4879036856	0.4645509675	7.071067907	6.394177717
0.07	0.4949747535	0.4709402402	7.071067907	6.384367717
0.071	0.5020458214	0.4773197029	7.071067907	6.374557717
0.072	0.5091168893	0.4836893556	7.071067907	6.364747717
0.073	0.5161879572	0.4900491984	7.071067907	6.354937717
0.074	0.5232590251	0.4963992311	7.071067907	6.345127717
0.075	0.530330093	0.5027394538	7.071067907	6.335317717
0.076	0.5374011609	0.5090698665	7.071067907	6.325507717
0.077	0.5444722288	0.5153904692	7.071067907	6.315697717
0.078	0.5515432967	0.5217012619	7.071067907	6.305887717
0.079	0.5586143646	0.5280022447	7.071067907	6.296077717
0.08	0.5656854325	0.5342934174	7.071067907	6.286267717
0.081	0.5727565004	0.5405747801	7.071067907	6.276457717
0.082	0.5798275683	0.5468463328	7.071067907	6.266647717
0.083	0.5868986362	0.5531080755	7.071067907	6.256837717
0.084	0.5939697042	0.5593600082	7.071067907	6.247027717
0.085	0.6010407721	0.565602131	7.071067907	6.237217717
0.086	0.60811184	0.5718344437	7.071067907	6.227407717
0.087	0.6151829079	0.5780569464	7.071067907	6.217597717
0.088	0.6222539758	0.5842696391	7.071067907	6.207787717
0.089	0.6293250437	0.5904725218	7.071067907	6.197977717
0.09	0.6363961116	0.5966655945	7.071067907	6.188167717
0.091	0.6434671795	0.6028488573	7.071067907	6.178357717
0.092	0.6505382474	0.60902231	7.071067907	6.168547717
0.093	0.6576093153	0.6151859527	7.071067907	6.158737717
0.094	0.6646803832	0.6213397854	7.071067907	6.148927717
0.095	0.6717514511	0.6274838081	7.071067907	6.139117717
0.096	0.678822519	0.6336180208	7.071067907	6.129307717
0.097	0.6858935869	0.6397424236	7.071067907	6.119497717
0.098	0.6929646548	0.6458570163	7.071067907	6.109687717
0.099	0.7000357228	0.651961799	7.071067907	6.099877717
0.1	0.7071067907	0.6580567717	7.071067907	6.090067717
0.101	0.7141778586	0.6641419344	7.071067907	6.080257717
0.102	0.7212489265	0.6702172871	7.071067907	6.070447717
0.103	0.7283199944	0.6762828299	7.071067907	6.060637717
0.104	0.7353910623	0.6823385626	7.071067907	6.050827717
0.105	0.7424621302	0.6883844853	7.071067907	6.041017717
0.106	0.7495331981	0.694420598	7.071067907	6.031207717
0.107	0.756604266	0.7004469007	7.071067907	6.021397717
0.108	0.7636753339	0.7064633935	7.071067907	6.011587717
0.109	0.7707464018	0.7124700762	7.071067907	6.001777717
0.11	0.7778174697	0.7184669489	7.071067907	5.991967717
0.111	0.7848885376	0.7244540116	7.071067907	5.982157717
0.112	0.7919596055	0.7304312643	7.071067907	5.972347717
0.113	0.7990306734	0.736398707	7.071067907	5.962537717
0.114	0.8061017414	0.7423563398	7.071067907	5.952727717
0.115	0.8131728093	0.7483041625	7.071067907	5.942917717
0.116	0.8202438772	0.7542421752	7.071067907	5.933107717
0.117	0.8273149451	0.7601703779	7.071067907	5.923297717
0.118	0.834386013	0.7660887706	7.071067907	5.913487717
0.119	0.8414570809	0.7719973533	7.071067907	5.903677717
0.12	0.8485281488	0.7778961261	7.071067907	5.893867717
0.121	0.8555992167	0.7837850888	7.071067907	5.884057717
0.122	0.8626702846	0.7896642415	7.071067907	5.874247717
0.123	0.8697413525	0.7955335842	7.071067907	5.864437717
0.124	0.8768124204	0.8013931169	7.071067907	5.854627717
0.125	0.8838834883	0.8072428396	7.071067907	5.844817717
0.126	0.8909545562	0.8130827524	7.071067907	5.835007717
0.127	0.8980256241	0.8189128551	7.071067907	5.825197717
0.128	0.905096692	0.8247331478	7.071067907	5.815387717
0.129	0.91216776	0.8305436305	7.071067907	5.805577717
0.13	0.9192388279	0.8363443032	7.071067907	5.795767717
0.131	0.9263098958	0.8421351659	7.071067907	5.785957717
0.132	0.9333809637	0.8479162187	7.071067907	5.776147717
0.133	0.9404520316	0.8536874614	7.071067907	5.766337717
0.134	0.9475230995	0.8594488941	7.071067907	5.756527717
0.135	0.9545941674	0.8652005168	7.071067907	5.746717717
0.136	0.9616652353	0.8709423295	7.071067907	5.736907717
0.137	0.9687363032	0.8766743322	7.071067907	5.727097717
0.138	0.9758073711	0.882396525	7.071067907	5.717287717
0.139	0.982878439	0.8881089077	7.071067907	5.707477717
0.14	0.9899495069	0.8938114804	7.071067907	5.697667717
0.141	0.9970205748	0.8995042431	7.071067907	5.687857717
0.142	1.004091643	0.9051871958	7.071067907	5.678047717
0.143	1.011162711	0.9108603385	7.071067907	5.668237717
0.144	1.018233779	0.9165236713	7.071067907	5.658427717
0.145	1.025304846	0.922177194	7.071067907	5.648617717
0.146	1.032375914	0.9278209067	7.071067907	5.638807717
0.147	1.039446982	0.9334548094	7.071067907	5.628997717
0.148	1.04651805	0.9390789021	7.071067907	5.619187717
0.149	1.053589118	0.9446931849	7.071067907	5.609377717
0.15	1.060660186	0.9502976576	7.071067907	5.599567717
0.151	1.067731254	0.9558923203	7.071067907	5.589757717
0.152	1.074802322	0.961477173	7.071067907	5.579947717
0.153	1.08187339	0.9670522157	7.071067907	5.570137717
0.154	1.088944458	0.9726174484	7.071067907	5.560327717
0.155	1.096015526	0.9781728712	7.071067907	5.550517717
0.156	1.103086593	0.9837184839	7.071067907	5.540707717
0.157	1.110157661	0.9892542866	7.071067907	5.530897717
0.158	1.117228729	0.9947802793	7.071067907	5.521087717
0.159	1.124299797	1.000296462	7.071067907	5.511277717
0.16	1.131370865	1.005802835	7.071067907	5.501467717
0.161	1.138441933	1.011299397	7.071067907	5.491657717
0.162	1.145513001	1.01678615	7.071067907	5.481847717
0.163	1.152584069	1.022263093	7.071067907	5.472037717
0.164	1.159655137	1.027730226	7.071067907	5.462227717
0.165	1.166726205	1.033187548	7.071067907	5.452417717
0.166	1.173797272	1.038635061	7.071067907	5.442607717
0.167	1.18086834	1.044072764	7.071067907	5.432797717
0.168	1.187939408	1.049500656	7.071067907	5.422987717
0.169	1.195010476	1.054918739	7.071067907	5.413177717
0.17	1.202081544	1.060327012	7.071067907	5.403367717
0.171	1.209152612	1.065725475	7.071067907	5.393557717
0.172	1.21622368	1.071114127	7.071067907	5.383747717
0.173	1.223294748	1.07649297	7.071067907	5.373937717
0.174	1.230365816	1.081862003	7.071067907	5.364127717
0.175	1.237436884	1.087221225	7.071067907	5.354317717
0.176	1.244507952	1.092570638	7.071067907	5.344507717
0.177	1.251579019	1.097910241	7.071067907	5.334697717
0.178	1.258650087	1.103240034	7.071067907	5.324887717
0.179	1.265721155	1.108560016	7.071067907	5.315077717
0.18	1.272792223	1.113870189	7.071067907	5.305267717
0.181	1.279863291	1.119170552	7.071067907	5.295457717
0.182	1.286934359	1.124461105	7.071067907	5.285647717
0.183	1.294005427	1.129741847	7.071067907	5.275837717
0.184	1.301076495	1.13501278	7.071067907	5.266027717
0.185	1.308147563	1.140273903	7.071067907	5.256217717
0.186	1.315218631	1.145525215	7.071067907	5.246407717
0.187	1.322289699	1.150766718	7.071067907	5.236597717
0.188	1.329360766	1.155998411	7.071067907	5.226787717
0.189	1.336431834	1.161220294	7.071067907	5.216977717
0.19	1.343502902	1.166432366	7.071067907	5.207167717
0.191	1.35057397	1.171634629	7.071067907	5.197357717
0.192	1.357645038	1.176827082	7.071067907	5.187547717
0.193	1.364716106	1.182009724	7.071067907	5.177737717
0.194	1.371787174	1.187182557	7.071067907	5.167927717
0.195	1.378858242	1.19234558	7.071067907	5.158117717
0.196	1.38592931	1.197498793	7.071067907	5.148307717
0.197	1.393000378	1.202642195	7.071067907	5.138497717
0.198	1.400071446	1.207775788	7.071067907	5.128687717
0.199	1.407142513	1.212899571	7.071067907	5.118877717
0.2	1.414213581	1.218013543	7.071067907	5.109067717
0.201	1.421284649	1.223117706	7.071067907	5.099257717
0.202	1.428355717	1.228212059	7.071067907	5.089447717
0.203	1.435426785	1.233296602	7.071067907	5.079637717
0.204	1.442497853	1.238371334	7.071067907	5.069827717
0.205	1.449568921	1.243436257	7.071067907	5.060017717
0.206	1.456639989	1.24849137	7.071067907	5.050207717
0.207	1.463711057	1.253536672	7.071067907	5.040397717
0.208	1.470782125	1.258572165	7.071067907	5.030587717
0.209	1.477853192	1.263597848	7.071067907	5.020777717
0.21	1.48492426	1.268613721	7.071067907	5.010967717
0.211	1.491995328	1.273619783	7.071067907	5.001157717
0.212	1.499066396	1.278616036	7.071067907	4.991347717
0.213	1.506137464	1.283602479	7.071067907	4.981537717
0.214	1.513208532	1.288579111	7.071067907	4.971727717
0.215	1.5202796	1.293545934	7.071067907	4.961917717
0.216	1.527350668	1.298502947	7.071067907	4.952107717
0.217	1.534421736	1.30345015	7.071067907	4.942297717
0.218	1.541492804	1.308387542	7.071067907	4.932487717
0.219	1.548563872	1.313315125	7.071067907	4.922677717
0.22	1.555634939	1.318232898	7.071067907	4.912867717
0.221	1.562706007	1.32314086	7.071067907	4.903057717
0.222	1.569777075	1.328039013	7.071067907	4.893247717
0.223	1.576848143	1.332927356	7.071067907	4.883437717
0.224	1.583919211	1.337805889	7.071067907	4.873627717
0.225	1.590990279	1.342674611	7.071067907	4.863817717
0.226	1.598061347	1.347533524	7.071067907	4.854007717
0.227	1.605132415	1.352382627	7.071067907	4.844197717
0.228	1.612203483	1.35722192	7.071067907	4.834387717
0.229	1.619274551	1.362051402	7.071067907	4.824577717
0.23	1.626345619	1.366871075	7.071067907	4.814767717
0.231	1.633416686	1.371680938	7.071067907	4.804957717
0.232	1.640487754	1.37648099	7.071067907	4.795147717
0.233	1.647558822	1.381271233	7.071067907	4.785337717
0.234	1.65462989	1.386051666	7.071067907	4.775527717
0.235	1.661700958	1.390822289	7.071067907	4.765717717
0.236	1.668772026	1.395583101	7.071067907	4.755907717
0.237	1.675843094	1.400334104	7.071067907	4.746097717
0.238	1.682914162	1.405075297	7.071067907	4.736287717
0.239	1.68998523	1.409806679	7.071067907	4.726477717
0.24	1.697056298	1.414528252	7.071067907	4.716667717
0.241	1.704127365	1.419240015	7.071067907	4.706857717
0.242	1.711198433	1.423941968	7.071067907	4.697047717
0.243	1.718269501	1.42863411	7.071067907	4.687237717
0.244	1.725340569	1.433316443	7.071067907	4.677427717
0.245	1.732411637	1.437988966	7.071067907	4.667617717
0.246	1.739482705	1.442651678	7.071067907	4.657807717
0.247	1.746553773	1.447304581	7.071067907	4.647997717
0.248	1.753624841	1.451947674	7.071067907	4.638187717
0.249	1.760695909	1.456580957	7.071067907	4.628377717
0.25	1.767766977	1.461204429	7.071067907	4.618567717
0.251	1.774838045	1.465818092	7.071067907	4.608757717
0.252	1.781909112	1.470421945	7.071067907	4.598947717
0.253	1.78898018	1.475015987	7.071067907	4.589137717
0.254	1.796051248	1.47960022	7.071067907	4.579327717
0.255	1.803122316	1.484174643	7.071067907	4.569517717
0.256	1.810193384	1.488739256	7.071067907	4.559707717
0.257	1.817264452	1.493294058	7.071067907	4.549897717
0.258	1.82433552	1.497839051	7.071067907	4.540087717
0.259	1.831406588	1.502374234	7.071067907	4.530277717
0.26	1.838477656	1.506899606	7.071067907	4.520467717
0.261	1.845548724	1.511415169	7.071067907	4.510657717
0.262	1.852619792	1.515920922	7.071067907	4.500847717
0.263	1.859690859	1.520416865	7.071067907	4.491037717
0.264	1.866761927	1.524902997	7.071067907	4.481227717
0.265	1.873832995	1.52937932	7.071067907	4.471417717
0.266	1.880904063	1.533845833	7.071067907	4.461607717
0.267	1.887975131	1.538302535	7.071067907	4.451797717
0.268	1.895046199	1.542749428	7.071067907	4.441987717
0.269	1.902117267	1.547186511	7.071067907	4.432177717
0.27	1.909188335	1.551613784	7.071067907	4.422367717
0.271	1.916259403	1.556031246	7.071067907	4.412557717
0.272	1.923330471	1.560438899	7.071067907	4.402747717
0.273	1.930401539	1.564836742	7.071067907	4.392937717
0.274	1.937472606	1.569224774	7.071067907	4.383127717
0.275	1.944543674	1.573602997	7.071067907	4.373317717
0.276	1.951614742	1.57797141	7.071067907	4.363507717
0.277	1.95868581	1.582330013	7.071067907	4.353697717
0.278	1.965756878	1.586678805	7.071067907	4.343887717
0.279	1.972827946	1.591017788	7.071067907	4.334077717
0.28	1.979899014	1.595346961	7.071067907	4.324267717
0.281	1.986970082	1.599666324	7.071067907	4.314457717
0.282	1.99404115	1.603975876	7.071067907	4.304647717
0.283	2.001112218	1.608275619	7.071067907	4.294837717
0.284	2.008183285	1.612565552	7.071067907	4.285027717
0.285	2.015254353	1.616845674	7.071067907	4.275217717
0.286	2.022325421	1.621115987	7.071067907	4.265407717
0.287	2.029396489	1.62537649	7.071067907	4.255597717
0.288	2.036467557	1.629627183	7.071067907	4.245787717
0.289	2.043538625	1.633868065	7.071067907	4.235977717
0.29	2.050609693	1.638099138	7.071067907	4.226167717
0.291	2.057680761	1.642320401	7.071067907	4.216357717
0.292	2.064751829	1.646531853	7.071067907	4.206547717
0.293	2.071822897	1.650733496	7.071067907	4.196737717
0.294	2.078893965	1.654925329	7.071067907	4.186927717
0.295	2.085965032	1.659107352	7.071067907	4.177117717
0.296	2.0930361	1.663279564	7.071067907	4.167307717
0.297	2.100107168	1.667441967	7.071067907	4.157497717
0.298	2.107178236	1.67159456	7.071067907	4.147687717
0.299	2.114249304	1.675737342	7.071067907	4.137877717
0.3	2.121320372	1.679870315	7.071067907	4.128067717
0.301	2.12839144	1.683993478	7.071067907	4.118257717
0.302	2.135462508	1.688106831	7.071067907	4.108447717
0.303	2.142533576	1.692210373	7.071067907	4.098637717
0.304	2.149604644	1.696304106	7.071067907	4.088827717
0.305	2.156675712	1.700388029	7.071067907	4.079017717
0.306	2.163746779	1.704462141	7.071067907	4.069207717
0.307	2.170817847	1.708526444	7.071067907	4.059397717
0.308	2.177888915	1.712580937	7.071067907	4.049587717
0.309	2.184959983	1.71662562	7.071067907	4.039777717
0.31	2.192031051	1.720660492	7.071067907	4.029967717
0.311	2.199102119	1.724685555	7.071067907	4.020157717
0.312	2.206173187	1.728700808	7.071067907	4.010347717
0.313	2.213244255	1.73270625	7.071067907	4.000537717
0.314	2.220315323	1.736701883	7.071067907	3.990727717
0.315	2.227386391	1.740687706	7.071067907	3.980917717
0.316	2.234457458	1.744663719	7.071067907	3.971107717
0.317	2.241528526	1.748629921	7.071067907	3.961297717
0.318	2.248599594	1.752586314	7.071067907	3.951487717
0.319	2.255670662	1.756532897	7.071067907	3.941677717
0.32	2.26274173	1.760469669	7.071067907	3.931867717
0.321	2.269812798	1.764396632	7.071067907	3.922057717
0.322	2.276883866	1.768313785	7.071067907	3.912247717
0.323	2.283954934	1.772221128	7.071067907	3.902437717
0.324	2.291026002	1.77611866	7.071067907	3.892627717
0.325	2.29809707	1.780006383	7.071067907	3.882817717
0.326	2.305168138	1.783884296	7.071067907	3.873007717
0.327	2.312239205	1.787752399	7.071067907	3.863197717
0.328	2.319310273	1.791610691	7.071067907	3.853387717
0.329	2.326381341	1.795459174	7.071067907	3.843577717
0.33	2.333452409	1.799297847	7.071067907	3.833767717
0.331	2.340523477	1.803126709	7.071067907	3.823957717
0.332	2.347594545	1.806945762	7.071067907	3.814147717
0.333	2.354665613	1.810755005	7.071067907	3.804337717
0.334	2.361736681	1.814554438	7.071067907	3.794527717
0.335	2.368807749	1.81834406	7.071067907	3.784717717
0.336	2.375878817	1.822123873	7.071067907	3.774907717
0.337	2.382949885	1.825893876	7.071067907	3.765097717
0.338	2.390020952	1.829654068	7.071067907	3.755287717
0.339	2.39709202	1.833404451	7.071067907	3.745477717
0.34	2.404163088	1.837145024	7.071067907	3.735667717
0.341	2.411234156	1.840875787	7.071067907	3.725857717
0.342	2.418305224	1.844596739	7.071067907	3.716047717
0.343	2.425376292	1.848307882	7.071067907	3.706237717
0.344	2.43244736	1.852009215	7.071067907	3.696427717
0.345	2.439518428	1.855700737	7.071067907	3.686617717
0.346	2.446589496	1.85938245	7.071067907	3.676807717
0.347	2.453660564	1.863054353	7.071067907	3.666997717
0.348	2.460731631	1.866716446	7.071067907	3.657187717
0.349	2.467802699	1.870368728	7.071067907	3.647377717
0.35	2.474873767	1.874011201	7.071067907	3.637567717
0.351	2.481944835	1.877643864	7.071067907	3.627757717
0.352	2.489015903	1.881266716	7.071067907	3.617947717
0.353	2.496086971	1.884879759	7.071067907	3.608137717
0.354	2.503158039	1.888482992	7.071067907	3.598327717
0.355	2.510229107	1.892076415	7.071067907	3.588517717
0.356	2.517300175	1.895660027	7.071067907	3.578707717
0.357	2.524371243	1.89923383	7.071067907	3.568897717
0.358	2.531442311	1.902797823	7.071067907	3.559087717
0.359	2.538513378	1.906352005	7.071067907	3.549277717
0.36	2.545584446	1.909896378	7.071067907	3.539467717
0.361	2.552655514	1.913430941	7.071067907	3.529657717
0.362	2.559726582	1.916955694	7.071067907	3.519847717
0.363	2.56679765	1.920470636	7.071067907	3.510037717
0.364	2.573868718	1.923975769	7.071067907	3.500227717
0.365	2.580939786	1.927471092	7.071067907	3.490417717
0.366	2.588010854	1.930956604	7.071067907	3.480607717
0.367	2.595081922	1.934432307	7.071067907	3.470797717
0.368	2.60215299	1.9378982	7.071067907	3.460987717
0.369	2.609224058	1.941354283	7.071067907	3.451177717
0.37	2.616295125	1.944800555	7.071067907	3.441367717
0.371	2.623366193	1.948237018	7.071067907	3.431557717
0.372	2.630437261	1.951663671	7.071067907	3.421747717
0.373	2.637508329	1.955080513	7.071067907	3.411937717
0.374	2.644579397	1.958487546	7.071067907	3.402127717
0.375	2.651650465	1.961884769	7.071067907	3.392317717
0.376	2.658721533	1.965272182	7.071067907	3.382507717
0.377	2.665792601	1.968649784	7.071067907	3.372697717
0.378	2.672863669	1.972017577	7.071067907	3.362887717
0.379	2.679934737	1.97537556	7.071067907	3.353077717
0.38	2.687005805	1.978723733	7.071067907	3.343267717
0.381	2.694076872	1.982062095	7.071067907	3.333457717
0.382	2.70114794	1.985390648	7.071067907	3.323647717
0.383	2.708219008	1.988709391	7.071067907	3.313837717
0.384	2.715290076	1.992018323	7.071067907	3.304027717
0.385	2.722361144	1.995317446	7.071067907	3.294217717
0.386	2.729432212	1.998606759	7.071067907	3.284407717
0.387	2.73650328	2.001886262	7.071067907	3.274597717
0.388	2.743574348	2.005155954	7.071067907	3.264787717
0.389	2.750645416	2.008415837	7.071067907	3.254977717
0.39	2.757716484	2.01166591	7.071067907	3.245167717
0.391	2.764787551	2.014906172	7.071067907	3.235357717
0.392	2.771858619	2.018136625	7.071067907	3.225547717
0.393	2.778929687	2.021357268	7.071067907	3.215737717
0.394	2.786000755	2.024568101	7.071067907	3.205927717
0.395	2.793071823	2.027769123	7.071067907	3.196117717
0.396	2.800142891	2.030960336	7.071067907	3.186307717
0.397	2.807213959	2.034141739	7.071067907	3.176497717
0.398	2.814285027	2.037313331	7.071067907	3.166687717
0.399	2.821356095	2.040475114	7.071067907	3.156877717
0.4	2.828427163	2.043627087	7.071067907	3.147067717
0.401	2.835498231	2.04676925	7.071067907	3.137257717
0.402	2.842569298	2.049901602	7.071067907	3.127447717
0.403	2.849640366	2.053024145	7.071067907	3.117637717
0.404	2.856711434	2.056136878	7.071067907	3.107827717
0.405	2.863782502	2.0592398	7.071067907	3.098017717
0.406	2.87085357	2.062332913	7.071067907	3.088207717
0.407	2.877924638	2.065416216	7.071067907	3.078397717
0.408	2.884995706	2.068489709	7.071067907	3.068587717
0.409	2.892066774	2.071553391	7.071067907	3.058777717
0.41	2.899137842	2.074607264	7.071067907	3.048967717
0.411	2.90620891	2.077651327	7.071067907	3.039157717
0.412	2.913279978	2.080685579	7.071067907	3.029347717
0.413	2.920351045	2.083710022	7.071067907	3.019537717
0.414	2.927422113	2.086724655	7.071067907	3.009727717
0.415	2.934493181	2.089729478	7.071067907	2.999917717
0.416	2.941564249	2.09272449	7.071067907	2.990107717
0.417	2.948635317	2.095709693	7.071067907	2.980297717
0.418	2.955706385	2.098685086	7.071067907	2.970487717
0.419	2.962777453	2.101650668	7.071067907	2.960677717
0.42	2.969848521	2.104606441	7.071067907	2.950867717
0.421	2.976919589	2.107552404	7.071067907	2.941057717
0.422	2.983990657	2.110488557	7.071067907	2.931247717
0.423	2.991061724	2.113414899	7.071067907	2.921437717
0.424	2.998132792	2.116331432	7.071067907	2.911627717
0.425	3.00520386	2.119238155	7.071067907	2.901817717
0.426	3.012274928	2.122135067	7.071067907	2.892007717
0.427	3.019345996	2.12502217	7.071067907	2.882197717
0.428	3.026417064	2.127899463	7.071067907	2.872387717
0.429	3.033488132	2.130766946	7.071067907	2.862577717
0.43	3.0405592	2.133624618	7.071067907	2.852767717
0.431	3.047630268	2.136472481	7.071067907	2.842957717
0.432	3.054701336	2.139310534	7.071067907	2.833147717
0.433	3.061772404	2.142138777	7.071067907	2.823337717
0.434	3.068843471	2.144957209	7.071067907	2.813527717
0.435	3.075914539	2.147765832	7.071067907	2.803717717
0.436	3.082985607	2.150564645	7.071067907	2.793907717
0.437	3.090056675	2.153353647	7.071067907	2.784097717
0.438	3.097127743	2.15613284	7.071067907	2.774287717
0.439	3.104198811	2.158902223	7.071067907	2.764477717
0.44	3.111269879	2.161661796	7.071067907	2.754667717
0.441	3.118340947	2.164411558	7.071067907	2.744857717
0.442	3.125412015	2.167151511	7.071067907	2.735047717
0.443	3.132483083	2.169881654	7.071067907	2.725237717
0.444	3.139554151	2.172601986	7.071067907	2.715427717
0.445	3.146625218	2.175312509	7.071067907	2.705617717
0.446	3.153696286	2.178013222	7.071067907	2.695807717
0.447	3.160767354	2.180704125	7.071067907	2.685997717
0.448	3.167838422	2.183385217	7.071067907	2.676187717
0.449	3.17490949	2.1860565	7.071067907	2.666377717
0.45	3.181980558	2.188717973	7.071067907	2.656567717
0.451	3.189051626	2.191369635	7.071067907	2.646757717
0.452	3.196122694	2.194011488	7.071067907	2.636947717
0.453	3.203193762	2.196643531	7.071067907	2.627137717
0.454	3.21026483	2.199265764	7.071067907	2.617327717
0.455	3.217335898	2.201878186	7.071067907	2.607517717
0.456	3.224406965	2.204480799	7.071067907	2.597707717
0.457	3.231478033	2.207073602	7.071067907	2.587897717
0.458	3.238549101	2.209656594	7.071067907	2.578087717
0.459	3.245620169	2.212229777	7.071067907	2.568277717
0.46	3.252691237	2.21479315	7.071067907	2.558467717
0.461	3.259762305	2.217346713	7.071067907	2.548657717
0.462	3.266833373	2.219890465	7.071067907	2.538847717
0.463	3.273904441	2.222424408	7.071067907	2.529037717
0.464	3.280975509	2.224948541	7.071067907	2.519227717
0.465	3.288046577	2.227462863	7.071067907	2.509417717
0.466	3.295117644	2.229967376	7.071067907	2.499607717
0.467	3.302188712	2.232462079	7.071067907	2.489797717
0.468	3.30925978	2.234946972	7.071067907	2.479987717
0.469	3.316330848	2.237422054	7.071067907	2.470177717
0.47	3.323401916	2.239887327	7.071067907	2.460367717
0.471	3.330472984	2.24234279	7.071067907	2.450557717
0.472	3.337544052	2.244788442	7.071067907	2.440747717
0.473	3.34461512	2.247224285	7.071067907	2.430937717
0.474	3.351686188	2.249650318	7.071067907	2.421127717
0.475	3.358757256	2.252066541	7.071067907	2.411317717
0.476	3.365828324	2.254472953	7.071067907	2.401507717
0.477	3.372899391	2.256869556	7.071067907	2.391697717
0.478	3.379970459	2.259256349	7.071067907	2.381887717
0.479	3.387041527	2.261633332	7.071067907	2.372077717
0.48	3.394112595	2.264000504	7.071067907	2.362267717
0.481	3.401183663	2.266357867	7.071067907	2.352457717
0.482	3.408254731	2.26870542	7.071067907	2.342647717
0.483	3.415325799	2.271043162	7.071067907	2.332837717
0.484	3.422396867	2.273371095	7.071067907	2.323027717
0.485	3.429467935	2.275689218	7.071067907	2.313217717
0.486	3.436539003	2.277997531	7.071067907	2.303407717
0.487	3.443610071	2.280296033	7.071067907	2.293597717
0.488	3.450681138	2.282584726	7.071067907	2.283787717
0.489	3.457752206	2.284863609	7.071067907	2.273977717
0.49	3.464823274	2.287132681	7.071067907	2.264167717
0.491	3.471894342	2.289391944	7.071067907	2.254357717
0.492	3.47896541	2.291641397	7.071067907	2.244547717
0.493	3.486036478	2.29388104	7.071067907	2.234737717
0.494	3.493107546	2.296110872	7.071067907	2.224927717
0.495	3.500178614	2.298330895	7.071067907	2.215117717
0.496	3.507249682	2.300541108	7.071067907	2.205307717
0.497	3.51432075	2.30274151	7.071067907	2.195497717
0.498	3.521391817	2.304932103	7.071067907	2.185687717
0.499	3.528462885	2.307112886	7.071067907	2.175877717
0.5	3.535533953	2.309283859	7.071067907	2.166067717
0.501	3.542605021	2.311445021	7.071067907	2.156257717
0.502	3.549676089	2.313596374	7.071067907	2.146447717
0.503	3.556747157	2.315737917	7.071067907	2.136637717
0.504	3.563818225	2.317869649	7.071067907	2.126827717
0.505	3.570889293	2.319991572	7.071067907	2.117017717
0.506	3.577960361	2.322103685	7.071067907	2.107207717
0.507	3.585031429	2.324205988	7.071067907	2.097397717
0.508	3.592102497	2.32629848	7.071067907	2.087587717
0.509	3.599173564	2.328381163	7.071067907	2.077777717
0.51	3.606244632	2.330454036	7.071067907	2.067967717
0.511	3.6133157	2.332517098	7.071067907	2.058157717
0.512	3.620386768	2.334570351	7.071067907	2.048347717
0.513	3.627457836	2.336613794	7.071067907	2.038537717
0.514	3.634528904	2.338647427	7.071067907	2.028727717
0.515	3.641599972	2.340671249	7.071067907	2.018917717
0.516	3.64867104	2.342685262	7.071067907	2.009107717
0.517	3.655742108	2.344689465	7.071067907	1.999297717
0.518	3.662813176	2.346683857	7.071067907	1.989487717
0.519	3.669884244	2.34866844	7.071067907	1.979677717
0.52	3.676955311	2.350643213	7.071067907	1.969867717
0.521	3.684026379	2.352608176	7.071067907	1.960057717
0.522	3.691097447	2.354563328	7.071067907	1.950247717
0.523	3.698168515	2.356508671	7.071067907	1.940437717
0.524	3.705239583	2.358444204	7.071067907	1.930627717
0.525	3.712310651	2.360369926	7.071067907	1.920817717
0.526	3.719381719	2.362285839	7.071067907	1.911007717
0.527	3.726452787	2.364191942	7.071067907	1.901197717
0.528	3.733523855	2.366088235	7.071067907	1.891387717
0.529	3.740594923	2.367974717	7.071067907	1.881577717
0.53	3.74766599	2.36985139	7.071067907	1.871767717
0.531	3.754737058	2.371718253	7.071067907	1.861957717
0.532	3.761808126	2.373575306	7.071067907	1.852147717
0.533	3.768879194	2.375422548	7.071067907	1.842337717
0.534	3.775950262	2.377259981	7.071067907	1.832527717
0.535	3.78302133	2.379087604	7.071067907	1.822717717
0.536	3.790092398	2.380905416	7.071067907	1.812907717
0.537	3.797163466	2.382713419	7.071067907	1.803097717
0.538	3.804234534	2.384511612	7.071067907	1.793287717
0.539	3.811305602	2.386299995	7.071067907	1.783477717
0.54	3.81837667	2.388078567	7.071067907	1.773667717
0.541	3.825447737	2.38984733	7.071067907	1.763857717
0.542	3.832518805	2.391606283	7.071067907	1.754047717
0.543	3.839589873	2.393355425	7.071067907	1.744237717
0.544	3.846660941	2.395094758	7.071067907	1.734427717
0.545	3.853732009	2.396824281	7.071067907	1.724617717
0.546	3.860803077	2.398543994	7.071067907	1.714807717
0.547	3.867874145	2.400253896	7.071067907	1.704997717
0.548	3.874945213	2.401953989	7.071067907	1.695187717
0.549	3.882016281	2.403644272	7.071067907	1.685377717
0.55	3.889087349	2.405324744	7.071067907	1.675567717
0.551	3.896158417	2.406995407	7.071067907	1.665757717
0.552	3.903229484	2.40865626	7.071067907	1.655947717
0.553	3.910300552	2.410307303	7.071067907	1.646137717
0.554	3.91737162	2.411948535	7.071067907	1.636327717
0.555	3.924442688	2.413579958	7.071067907	1.626517717
0.556	3.931513756	2.415201571	7.071067907	1.616707717
0.557	3.938584824	2.416813373	7.071067907	1.606897717
0.558	3.945655892	2.418415366	7.071067907	1.597087717
0.559	3.95272696	2.420007549	7.071067907	1.587277717
0.56	3.959798028	2.421589922	7.071067907	1.577467717
0.561	3.966869096	2.423162484	7.071067907	1.567657717
0.562	3.973940164	2.424725237	7.071067907	1.557847717
0.563	3.981011231	2.42627818	7.071067907	1.548037717
0.564	3.988082299	2.427821312	7.071067907	1.538227717
0.565	3.995153367	2.429354635	7.071067907	1.528417717
0.566	4.002224435	2.430878148	7.071067907	1.518607717
0.567	4.009295503	2.432391851	7.071067907	1.508797717
0.568	4.016366571	2.433895743	7.071067907	1.498987717
0.569	4.023437639	2.435389826	7.071067907	1.489177717
0.57	4.030508707	2.436874099	7.071067907	1.479367717
0.571	4.037579775	2.438348561	7.071067907	1.469557717
0.572	4.044650843	2.439813214	7.071067907	1.459747717
0.573	4.05172191	2.441268057	7.071067907	1.449937717
0.574	4.058792978	2.44271309	7.071067907	1.440127717
0.575	4.065864046	2.444148312	7.071067907	1.430317717
0.576	4.072935114	2.445573725	7.071067907	1.420507717
0.577	4.080006182	2.446989328	7.071067907	1.410697717
0.578	4.08707725	2.448395121	7.071067907	1.400887717
0.579	4.094148318	2.449791103	7.071067907	1.391077717
0.58	4.101219386	2.451177276	7.071067907	1.381267717
0.581	4.108290454	2.452553639	7.071067907	1.371457717
0.582	4.115361522	2.453920191	7.071067907	1.361647717
0.583	4.12243259	2.455276934	7.071067907	1.351837717
0.584	4.129503657	2.456623867	7.071067907	1.342027717
0.585	4.136574725	2.45796099	7.071067907	1.332217717
0.586	4.143645793	2.459288302	7.071067907	1.322407717
0.587	4.150716861	2.460605805	7.071067907	1.312597717
0.588	4.157787929	2.461913498	7.071067907	1.302787717
0.589	4.164858997	2.46321138	7.071067907	1.292977717
0.59	4.171930065	2.464499453	7.071067907	1.283167717
0.591	4.179001133	2.465777716	7.071067907	1.273357717
0.592	4.186072201	2.467046169	7.071067907	1.263547717
0.593	4.193143269	2.468304811	7.071067907	1.253737717
0.594	4.200214337	2.469553644	7.071067907	1.243927717
0.595	4.207285404	2.470792667	7.071067907	1.234117717
0.596	4.214356472	2.472021879	7.071067907	1.224307717
0.597	4.22142754	2.473241282	7.071067907	1.214497717
0.598	4.228498608	2.474450875	7.071067907	1.204687717
0.599	4.235569676	2.475650658	7.071067907	1.194877717
0.6	4.242640744	2.47684063	7.071067907	1.185067717
0.601	4.249711812	2.478020793	7.071067907	1.175257717
0.602	4.25678288	2.479191146	7.071067907	1.165447717
0.603	4.263853948	2.480351688	7.071067907	1.155637717
0.604	4.270925016	2.481502421	7.071067907	1.145827717
0.605	4.277996083	2.482643344	7.071067907	1.136017717
0.606	4.285067151	2.483774457	7.071067907	1.126207717
0.607	4.292138219	2.484895759	7.071067907	1.116397717
0.608	4.299209287	2.486007252	7.071067907	1.106587717
0.609	4.306280355	2.487108935	7.071067907	1.096777717
0.61	4.313351423	2.488200807	7.071067907	1.086967717
0.611	4.320422491	2.48928287	7.071067907	1.077157717
0.612	4.327493559	2.490355123	7.071067907	1.067347717
0.613	4.334564627	2.491417566	7.071067907	1.057537717
0.614	4.341635695	2.492470198	7.071067907	1.047727717
0.615	4.348706763	2.493513021	7.071067907	1.037917717
0.616	4.35577783	2.494546034	7.071067907	1.028107717
0.617	4.362848898	2.495569236	7.071067907	1.018297717
0.618	4.369919966	2.496582629	7.071067907	1.008487717
0.619	4.376991034	2.497586212	7.071067907	0.9986777171
0.62	4.384062102	2.498579985	7.071067907	0.9888677171
0.621	4.39113317	2.499563947	7.071067907	0.9790577171
0.622	4.398204238	2.5005381	7.071067907	0.9692477171
0.623	4.405275306	2.501502443	7.071067907	0.9594377171
0.624	4.412346374	2.502456975	7.071067907	0.9496277171
0.625	4.419417442	2.503401698	7.071067907	0.9398177171
0.626	4.42648851	2.504336611	7.071067907	0.9300077171
0.627	4.433559577	2.505261714	7.071067907	0.9201977171
0.628	4.440630645	2.506177006	7.071067907	0.9103877171
0.629	4.447701713	2.507082489	7.071067907	0.9005777171
0.63	4.454772781	2.507978162	7.071067907	0.8907677171
0.631	4.461843849	2.508864025	7.071067907	0.8809577171
0.632	4.468914917	2.509740077	7.071067907	0.8711477171
0.633	4.475985985	2.51060632	7.071067907	0.8613377171
0.634	4.483057053	2.511462753	7.071067907	0.8515277171
0.635	4.490128121	2.512309375	7.071067907	0.8417177171
0.636	4.497199189	2.513146188	7.071067907	0.8319077171
0.637	4.504270257	2.513973191	7.071067907	0.8220977171
0.638	4.511341324	2.514790384	7.071067907	0.8122877171
0.639	4.518412392	2.515597766	7.071067907	0.8024777171
0.64	4.52548346	2.516395339	7.071067907	0.7926677171
0.641	4.532554528	2.517183102	7.071067907	0.7828577171
0.642	4.539625596	2.517961054	7.071067907	0.7730477171
0.643	4.546696664	2.518729197	7.071067907	0.7632377171
0.644	4.553767732	2.51948753	7.071067907	0.7534277171
0.645	4.5608388	2.520236053	7.071067907	0.7436177171
0.646	4.567909868	2.520974765	7.071067907	0.7338077171
0.647	4.574980936	2.521703668	7.071067907	0.7239977171
0.648	4.582052003	2.522422761	7.071067907	0.7141877171
0.649	4.589123071	2.523132043	7.071067907	0.7043777171
0.65	4.596194139	2.523831516	7.071067907	0.6945677171
0.651	4.603265207	2.524521179	7.071067907	0.6847577171
0.652	4.610336275	2.525201032	7.071067907	0.6749477171
0.653	4.617407343	2.525871074	7.071067907	0.6651377171
0.654	4.624478411	2.526531307	7.071067907	0.6553277171
0.655	4.631549479	2.52718173	7.071067907	0.6455177171
0.656	4.638620547	2.527822342	7.071067907	0.6357077171
0.657	4.645691615	2.528453145	7.071067907	0.6258977171
0.658	4.652762683	2.529074138	7.071067907	0.6160877171
0.659	4.65983375	2.529685321	7.071067907	0.6062777171
0.66	4.666904818	2.530286693	7.071067907	0.5964677171
0.661	4.673975886	2.530878256	7.071067907	0.5866577171
0.662	4.681046954	2.531460009	7.071067907	0.5768477171
0.663	4.688118022	2.532031951	7.071067907	0.5670377171
0.664	4.69518909	2.532594084	7.071067907	0.5572277171
0.665	4.702260158	2.533146407	7.071067907	0.5474177171
0.666	4.709331226	2.53368892	7.071067907	0.5376077171
0.667	4.716402294	2.534221622	7.071067907	0.5277977171
0.668	4.723473362	2.534744515	7.071067907	0.5179877171
0.669	4.73054443	2.535257598	7.071067907	0.5081777171
0.67	4.737615497	2.53576087	7.071067907	0.4983677171
0.671	4.744686565	2.536254333	7.071067907	0.4885577171
0.672	4.751757633	2.536737986	7.071067907	0.4787477171
0.673	4.758828701	2.537211829	7.071067907	0.4689377171
0.674	4.765899769	2.537675861	7.071067907	0.4591277171
0.675	4.772970837	2.538130084	7.071067907	0.4493177171
0.676	4.780041905	2.538574497	7.071067907	0.4395077171
0.677	4.787112973	2.539009099	7.071067907	0.4296977171
0.678	4.794184041	2.539433892	7.071067907	0.4198877171
0.679	4.801255109	2.539848875	7.071067907	0.4100777171
0.68	4.808326176	2.540254048	7.071067907	0.4002677171
0.681	4.815397244	2.54064941	7.071067907	0.3904577171
0.682	4.822468312	2.541034963	7.071067907	0.3806477171
0.683	4.82953938	2.541410706	7.071067907	0.3708377171
0.684	4.836610448	2.541776639	7.071067907	0.3610277171
0.685	4.843681516	2.542132761	7.071067907	0.3512177171
0.686	4.850752584	2.542479074	7.071067907	0.3414077171
0.687	4.857823652	2.542815577	7.071067907	0.3315977171
0.688	4.86489472	2.543142269	7.071067907	0.3217877171
0.689	4.871965788	2.543459152	7.071067907	0.3119777171
0.69	4.879036856	2.543766225	7.071067907	0.3021677171
0.691	4.886107923	2.544063488	7.071067907	0.2923577171
0.692	4.893178991	2.54435094	7.071067907	0.2825477171
0.693	4.900250059	2.544628583	7.071067907	0.2727377171
0.694	4.907321127	2.544896416	7.071067907	0.2629277171
0.695	4.914392195	2.545154438	7.071067907	0.2531177171
0.696	4.921463263	2.545402651	7.071067907	0.2433077171
0.697	4.928534331	2.545641054	7.071067907	0.2334977171
0.698	4.935605399	2.545869647	7.071067907	0.2236877171
0.699	4.942676467	2.546088429	7.071067907	0.2138777171
0.7	4.949747535	2.546297402	7.071067907	0.2040677171
0.701	4.956818603	2.546496565	7.071067907	0.1942577171
0.702	4.96388967	2.546685917	7.071067907	0.1844477171
0.703	4.970960738	2.54686546	7.071067907	0.1746377171
0.704	4.978031806	2.547035193	7.071067907	0.1648277171
0.705	4.985102874	2.547195116	7.071067907	0.1550177171
0.706	4.992173942	2.547345228	7.071067907	0.1452077171
0.707	4.99924501	2.547485531	7.071067907	0.1353977171
0.708	5.006316078	2.547616024	7.071067907	0.1255877171
0.709	5.013387146	2.547736706	7.071067907	0.1157777171
0.71	5.020458214	2.547847579	7.071067907	0.1059677171
0.711	5.027529282	2.547948642	7.071067907	0.09615771713
0.712	5.034600349	2.548039895	7.071067907	0.08634771713
0.713	5.041671417	2.548121337	7.071067907	0.07653771713
0.714	5.048742485	2.54819297	7.071067907	0.06672771713
0.715	5.055813553	2.548254793	7.071067907	0.05691771713
0.716	5.062884621	2.548306805	7.071067907	0.04710771713
0.717	5.069955689	2.548349008	7.071067907	0.03729771713
0.718	5.077026757	2.548381401	7.071067907	0.02748771713
0.719	5.084097825	2.548403984	7.071067907	0.01767771713
0.72	5.091168893	2.548416756	7.071067907	0.007867717131
0.721	5.098239961	2.548419719	7.071067907	-0.001942282869
0.722	5.105311029	2.548412872	7.071067907	-0.01175228287
0.723	5.112382096	2.548396214	7.071067907	-0.02156228287
0.724	5.119453164	2.548369747	7.071067907	-0.03137228287
0.725	5.126524232	2.54833347	7.071067907	-0.04118228287
0.726	5.1335953	2.548287383	7.071067907	-0.05099228287
0.727	5.140666368	2.548231485	7.071067907	-0.06080228287
0.728	5.147737436	2.548165778	7.071067907	-0.07061228287
0.729	5.154808504	2.548090261	7.071067907	-0.08042228287
0.73	5.161879572	2.548004934	7.071067907	-0.09023228287
0.731	5.16895064	2.547909796	7.071067907	-0.1000422829
0.732	5.176021708	2.547804849	7.071067907	-0.1098522829
0.733	5.183092776	2.547690092	7.071067907	-0.1196622829
0.734	5.190163843	2.547565524	7.071067907	-0.1294722829
0.735	5.197234911	2.547431147	7.071067907	-0.1392822829
0.736	5.204305979	2.54728696	7.071067907	-0.1490922829
0.737	5.211377047	2.547132963	7.071067907	-0.1589022829
0.738	5.218448115	2.546969155	7.071067907	-0.1687122829
0.739	5.225519183	2.546795538	7.071067907	-0.1785222829
0.74	5.232590251	2.546612111	7.071067907	-0.1883322829
0.741	5.239661319	2.546418873	7.071067907	-0.1981422829
0.742	5.246732387	2.546215826	7.071067907	-0.2079522829
0.743	5.253803455	2.546002969	7.071067907	-0.2177622829
0.744	5.260874523	2.545780302	7.071067907	-0.2275722829
0.745	5.26794559	2.545547824	7.071067907	-0.2373822829
0.746	5.275016658	2.545305537	7.071067907	-0.2471922829
0.747	5.282087726	2.54505344	7.071067907	-0.2570022829
0.748	5.289158794	2.544791532	7.071067907	-0.2668122829
0.749	5.296229862	2.544519815	7.071067907	-0.2766222829
0.75	5.30330093	2.544238288	7.071067907	-0.2864322829
0.751	5.310371998	2.543946951	7.071067907	-0.2962422829
0.752	5.317443066	2.543645803	7.071067907	-0.3060522829
0.753	5.324514134	2.543334846	7.071067907	-0.3158622829
0.754	5.331585202	2.543014079	7.071067907	-0.3256722829
0.755	5.338656269	2.542683501	7.071067907	-0.3354822829
0.756	5.345727337	2.542343114	7.071067907	-0.3452922829
0.757	5.352798405	2.541992917	7.071067907	-0.3551022829
0.758	5.359869473	2.54163291	7.071067907	-0.3649122829
0.759	5.366940541	2.541263092	7.071067907	-0.3747222829
0.76	5.374011609	2.540883465	7.071067907	-0.3845322829
0.761	5.381082677	2.540494028	7.071067907	-0.3943422829
0.762	5.388153745	2.54009478	7.071067907	-0.4041522829
0.763	5.395224813	2.539685723	7.071067907	-0.4139622829
0.764	5.402295881	2.539266856	7.071067907	-0.4237722829
0.765	5.409366949	2.538838179	7.071067907	-0.4335822829
0.766	5.416438016	2.538399691	7.071067907	-0.4433922829
0.767	5.423509084	2.537951394	7.071067907	-0.4532022829
0.768	5.430580152	2.537493287	7.071067907	-0.4630122829
0.769	5.43765122	2.537025369	7.071067907	-0.4728222829
0.77	5.444722288	2.536547642	7.071067907	-0.4826322829
0.771	5.451793356	2.536060105	7.071067907	-0.4924422829
0.772	5.458864424	2.535562758	7.071067907	-0.5022522829
0.773	5.465935492	2.5350556	7.071067907	-0.5120622829
0.774	5.47300656	2.534538633	7.071067907	-0.5218722829
0.775	5.480077628	2.534011856	7.071067907	-0.5316822829
0.776	5.487148696	2.533475268	7.071067907	-0.5414922829
0.777	5.494219763	2.532928871	7.071067907	-0.5513022829
0.778	5.501290831	2.532372664	7.071067907	-0.5611122829
0.779	5.508361899	2.531806647	7.071067907	-0.5709222829
0.78	5.515432967	2.531230819	7.071067907	-0.5807322829
0.781	5.522504035	2.530645182	7.071067907	-0.5905422829
0.782	5.529575103	2.530049735	7.071067907	-0.6003522829
0.783	5.536646171	2.529444478	7.071067907	-0.6101622829
0.784	5.543717239	2.52882941	7.071067907	-0.6199722829
0.785	5.550788307	2.528204533	7.071067907	-0.6297822829
0.786	5.557859375	2.527569846	7.071067907	-0.6395922829
0.787	5.564930442	2.526925348	7.071067907	-0.6494022829
0.788	5.57200151	2.526271041	7.071067907	-0.6592122829
0.789	5.579072578	2.525606924	7.071067907	-0.6690222829
0.79	5.586143646	2.524932997	7.071067907	-0.6788322829
0.791	5.593214714	2.524249259	7.071067907	-0.6886422829
0.792	5.600285782	2.523555712	7.071067907	-0.6984522829
0.793	5.60735685	2.522852355	7.071067907	-0.7082622829
0.794	5.614427918	2.522139187	7.071067907	-0.7180722829
0.795	5.621498986	2.52141621	7.071067907	-0.7278822829
0.796	5.628570054	2.520683423	7.071067907	-0.7376922829
0.797	5.635641122	2.519940826	7.071067907	-0.7475022829
0.798	5.642712189	2.519188418	7.071067907	-0.7573122829
0.799	5.649783257	2.518426201	7.071067907	-0.7671222829
0.8	5.656854325	2.517654174	7.071067907	-0.7769322829
0.801	5.663925393	2.516872336	7.071067907	-0.7867422829
0.802	5.670996461	2.516080689	7.071067907	-0.7965522829
0.803	5.678067529	2.515279232	7.071067907	-0.8063622829
0.804	5.685138597	2.514467965	7.071067907	-0.8161722829
0.805	5.692209665	2.513646887	7.071067907	-0.8259822829
0.806	5.699280733	2.512816	7.071067907	-0.8357922829
0.807	5.706351801	2.511975303	7.071067907	-0.8456022829
0.808	5.713422869	2.511124795	7.071067907	-0.8554122829
0.809	5.720493936	2.510264478	7.071067907	-0.8652222829
0.81	5.727565004	2.509394351	7.071067907	-0.8750322829
0.811	5.734636072	2.508514414	7.071067907	-0.8848422829
0.812	5.74170714	2.507624666	7.071067907	-0.8946522829
0.813	5.748778208	2.506725109	7.071067907	-0.9044622829
0.814	5.755849276	2.505815742	7.071067907	-0.9142722829
0.815	5.762920344	2.504896564	7.071067907	-0.9240822829
0.816	5.769991412	2.503967577	7.071067907	-0.9338922829
0.817	5.77706248	2.50302878	7.071067907	-0.9437022829
0.818	5.784133548	2.502080173	7.071067907	-0.9535122829
0.819	5.791204616	2.501121755	7.071067907	-0.9633222829
0.82	5.798275683	2.500153528	7.071067907	-0.9731322829
0.821	5.805346751	2.499175491	7.071067907	-0.9829422829
0.822	5.812417819	2.498187643	7.071067907	-0.9927522829
0.823	5.819488887	2.497189986	7.071067907	-1.002562283
0.824	5.826559955	2.496182519	7.071067907	-1.012372283
0.825	5.833631023	2.495165242	7.071067907	-1.022182283
0.826	5.840702091	2.494138154	7.071067907	-1.031992283
0.827	5.847773159	2.493101257	7.071067907	-1.041802283
0.828	5.854844227	2.49205455	7.071067907	-1.051612283
0.829	5.861915295	2.490998033	7.071067907	-1.061422283
0.83	5.868986362	2.489931705	7.071067907	-1.071232283
0.831	5.87605743	2.488855568	7.071067907	-1.081042283
0.832	5.883128498	2.487769621	7.071067907	-1.090852283
0.833	5.890199566	2.486673863	7.071067907	-1.100662283
0.834	5.897270634	2.485568296	7.071067907	-1.110472283
0.835	5.904341702	2.484452919	7.071067907	-1.120282283
0.836	5.91141277	2.483327732	7.071067907	-1.130092283
0.837	5.918483838	2.482192734	7.071067907	-1.139902283
0.838	5.925554906	2.481047927	7.071067907	-1.149712283
0.839	5.932625974	2.47989331	7.071067907	-1.159522283
0.84	5.939697042	2.478728882	7.071067907	-1.169332283
0.841	5.946768109	2.477554645	7.071067907	-1.179142283
0.842	5.953839177	2.476370598	7.071067907	-1.188952283
0.843	5.960910245	2.475176741	7.071067907	-1.198762283
0.844	5.967981313	2.473973073	7.071067907	-1.208572283
0.845	5.975052381	2.472759596	7.071067907	-1.218382283
0.846	5.982123449	2.471536309	7.071067907	-1.228192283
0.847	5.989194517	2.470303211	7.071067907	-1.238002283
0.848	5.996265585	2.469060304	7.071067907	-1.247812283
0.849	6.003336653	2.467807587	7.071067907	-1.257622283
0.85	6.010407721	2.46654506	7.071067907	-1.267432283
0.851	6.017478789	2.465272722	7.071067907	-1.277242283
0.852	6.024549856	2.463990575	7.071067907	-1.287052283
0.853	6.031620924	2.462698618	7.071067907	-1.296862283
0.854	6.038691992	2.46139685	7.071067907	-1.306672283
0.855	6.04576306	2.460085273	7.071067907	-1.316482283
0.856	6.052834128	2.458763886	7.071067907	-1.326292283
0.857	6.059905196	2.457432689	7.071067907	-1.336102283
0.858	6.066976264	2.456091681	7.071067907	-1.345912283
0.859	6.074047332	2.454740864	7.071067907	-1.355722283
0.86	6.0811184	2.453380237	7.071067907	-1.365532283
0.861	6.088189468	2.452009799	7.071067907	-1.375342283
0.862	6.095260535	2.450629552	7.071067907	-1.385152283
0.863	6.102331603	2.449239495	7.071067907	-1.394962283
0.864	6.109402671	2.447839628	7.071067907	-1.404772283
0.865	6.116473739	2.44642995	7.071067907	-1.414582283
0.866	6.123544807	2.445010463	7.071067907	-1.424392283
0.867	6.130615875	2.443581166	7.071067907	-1.434202283
0.868	6.137686943	2.442142058	7.071067907	-1.444012283
0.869	6.144758011	2.440693141	7.071067907	-1.453822283
0.87	6.151829079	2.439234414	7.071067907	-1.463632283
0.871	6.158900147	2.437765877	7.071067907	-1.473442283
0.872	6.165971215	2.436287529	7.071067907	-1.483252283
0.873	6.173042282	2.434799372	7.071067907	-1.493062283
0.874	6.18011335	2.433301405	7.071067907	-1.502872283
0.875	6.187184418	2.431793627	7.071067907	-1.512682283
0.876	6.194255486	2.43027604	7.071067907	-1.522492283
0.877	6.201326554	2.428748643	7.071067907	-1.532302283
0.878	6.208397622	2.427211436	7.071067907	-1.542112283
0.879	6.21546869	2.425664418	7.071067907	-1.551922283
0.88	6.222539758	2.424107591	7.071067907	-1.561732283
0.881	6.229610826	2.422540954	7.071067907	-1.571542283
0.882	6.236681894	2.420964507	7.071067907	-1.581352283
0.883	6.243752962	2.419378249	7.071067907	-1.591162283
0.884	6.250824029	2.417782182	7.071067907	-1.600972283
0.885	6.257895097	2.416176305	7.071067907	-1.610782283
0.886	6.264966165	2.414560617	7.071067907	-1.620592283
0.887	6.272037233	2.41293512	7.071067907	-1.630402283
0.888	6.279108301	2.411299813	7.071067907	-1.640212283
0.889	6.286179369	2.409654696	7.071067907	-1.650022283
0.89	6.293250437	2.407999768	7.071067907	-1.659832283
0.891	6.300321505	2.406335031	7.071067907	-1.669642283
0.892	6.307392573	2.404660484	7.071067907	-1.679452283
0.893	6.314463641	2.402976126	7.071067907	-1.689262283
0.894	6.321534709	2.401281959	7.071067907	-1.699072283
0.895	6.328605776	2.399577982	7.071067907	-1.708882283
0.896	6.335676844	2.397864195	7.071067907	-1.718692283
0.897	6.342747912	2.396140597	7.071067907	-1.728502283
0.898	6.34981898	2.39440719	7.071067907	-1.738312283
0.899	6.356890048	2.392663973	7.071067907	-1.748122283
0.9	6.363961116	2.390910945	7.071067907	-1.757932283
0.901	6.371032184	2.389148108	7.071067907	-1.767742283
0.902	6.378103252	2.387375461	7.071067907	-1.777552283
0.903	6.38517432	2.385593004	7.071067907	-1.787362283
0.904	6.392245388	2.383800736	7.071067907	-1.797172283
0.905	6.399316455	2.381998659	7.071067907	-1.806982283
0.906	6.406387523	2.380186772	7.071067907	-1.816792283
0.907	6.413458591	2.378365074	7.071067907	-1.826602283
0.908	6.420529659	2.376533567	7.071067907	-1.836412283
0.909	6.427600727	2.37469225	7.071067907	-1.846222283
0.91	6.434671795	2.372841123	7.071067907	-1.856032283
0.911	6.441742863	2.370980185	7.071067907	-1.865842283
0.912	6.448813931	2.369109438	7.071067907	-1.875652283
0.913	6.455884999	2.367228881	7.071067907	-1.885462283
0.914	6.462956067	2.365338513	7.071067907	-1.895272283
0.915	6.470027135	2.363438336	7.071067907	-1.905082283
0.916	6.477098202	2.361528349	7.071067907	-1.914892283
0.917	6.48416927	2.359608552	7.071067907	-1.924702283
0.918	6.491240338	2.357678944	7.071067907	-1.934512283
0.919	6.498311406	2.355739527	7.071067907	-1.944322283
0.92	6.505382474	2.3537903	7.071067907	-1.954132283
0.921	6.512453542	2.351831262	7.071067907	-1.963942283
0.922	6.51952461	2.349862415	7.071067907	-1.973752283
0.923	6.526595678	2.347883758	7.071067907	-1.983562283
0.924	6.533666746	2.345895291	7.071067907	-1.993372283
0.925	6.540737814	2.343897013	7.071067907	-2.003182283
0.926	6.547808882	2.341888926	7.071067907	-2.012992283
0.927	6.554879949	2.339871029	7.071067907	-2.022802283
0.928	6.561951017	2.337843321	7.071067907	-2.032612283
0.929	6.569022085	2.335805804	7.071067907	-2.042422283
0.93	6.576093153	2.333758477	7.071067907	-2.052232283
0.931	6.583164221	2.33170134	7.071067907	-2.062042283
0.932	6.590235289	2.329634392	7.071067907	-2.071852283
0.933	6.597306357	2.327557635	7.071067907	-2.081662283
0.934	6.604377425	2.325471068	7.071067907	-2.091472283
0.935	6.611448493	2.323374691	7.071067907	-2.101282283
0.936	6.618519561	2.321268503	7.071067907	-2.111092283
0.937	6.625590628	2.319152506	7.071067907	-2.120902283
0.938	6.632661696	2.317026699	7.071067907	-2.130712283
0.939	6.639732764	2.314891081	7.071067907	-2.140522283
0.94	6.646803832	2.312745654	7.071067907	-2.150332283
0.941	6.6538749	2.310590417	7.071067907	-2.160142283
0.942	6.660945968	2.30842537	7.071067907	-2.169952283
0.943	6.668017036	2.306250512	7.071067907	-2.179762283
0.944	6.675088104	2.304065845	7.071067907	-2.189572283
0.945	6.682159172	2.301871368	7.071067907	-2.199382283
0.946	6.68923024	2.29966708	7.071067907	-2.209192283
0.947	6.696301308	2.297452983	7.071067907	-2.219002283
0.948	6.703372375	2.295229076	7.071067907	-2.228812283
0.949	6.710443443	2.292995359	7.071067907	-2.238622283
0.95	6.717514511	2.290751831	7.071067907	-2.248432283
0.951	6.724585579	2.288498494	7.071067907	-2.258242283
0.952	6.731656647	2.286235347	7.071067907	-2.268052283
0.953	6.738727715	2.283962389	7.071067907	-2.277862283
0.954	6.745798783	2.281679622	7.071067907	-2.287672283
0.955	6.752869851	2.279387045	7.071067907	-2.297482283
0.956	6.759940919	2.277084658	7.071067907	-2.307292283
0.957	6.767011987	2.27477246	7.071067907	-2.317102283
0.958	6.774083055	2.272450453	7.071067907	-2.326912283
0.959	6.781154122	2.270118636	7.071067907	-2.336722283
0.96	6.78822519	2.267777008	7.071067907	-2.346532283
0.961	6.795296258	2.265425571	7.071067907	-2.356342283
0.962	6.802367326	2.263064324	7.071067907	-2.366152283
0.963	6.809438394	2.260693267	7.071067907	-2.375962283
0.964	6.816509462	2.258312399	7.071067907	-2.385772283
0.965	6.82358053	2.255921722	7.071067907	-2.395582283
0.966	6.830651598	2.253521235	7.071067907	-2.405392283
0.967	6.837722666	2.251110937	7.071067907	-2.415202283
0.968	6.844793734	2.24869083	7.071067907	-2.425012283
0.969	6.851864801	2.246260913	7.071067907	-2.434822283
0.97	6.858935869	2.243821186	7.071067907	-2.444632283
0.971	6.866006937	2.241371648	7.071067907	-2.454442283
0.972	6.873078005	2.238912301	7.071067907	-2.464252283
0.973	6.880149073	2.236443144	7.071067907	-2.474062283
0.974	6.887220141	2.233964176	7.071067907	-2.483872283
0.975	6.894291209	2.231475399	7.071067907	-2.493682283
0.976	6.901362277	2.228976812	7.071067907	-2.503492283
0.977	6.908433345	2.226468415	7.071067907	-2.513302283
0.978	6.915504413	2.223950207	7.071067907	-2.523112283
0.979	6.922575481	2.22142219	7.071067907	-2.532922283
0.98	6.929646548	2.218884363	7.071067907	-2.542732283
0.981	6.936717616	2.216336726	7.071067907	-2.552542283
0.982	6.943788684	2.213779278	7.071067907	-2.562352283
0.983	6.950859752	2.211212021	7.071067907	-2.572162283
0.984	6.95793082	2.208634954	7.071067907	-2.581972283
0.985	6.965001888	2.206048076	7.071067907	-2.591782283
0.986	6.972072956	2.203451389	7.071067907	-2.601592283
0.987	6.979144024	2.200844892	7.071067907	-2.611402283
0.988	6.986215092	2.198228585	7.071067907	-2.621212283
0.989	6.99328616	2.195602467	7.071067907	-2.631022283
0.99	7.000357228	2.19296654	7.071067907	-2.640832283
0.991	7.007428295	2.190320803	7.071067907	-2.650642283
0.992	7.014499363	2.187665255	7.071067907	-2.660452283
0.993	7.021570431	2.184999898	7.071067907	-2.670262283
0.994	7.028641499	2.182324731	7.071067907	-2.680072283
0.995	7.035712567	2.179639754	7.071067907	-2.689882283
0.996	7.042783635	2.176944966	7.071067907	-2.699692283
0.997	7.049854703	2.174240369	7.071067907	-2.709502283
0.998	7.056925771	2.171525962	7.071067907	-2.719312283
0.999	7.063996839	2.168801744	7.071067907	-2.729122283
1	7.071067907	2.166067717	7.071067907	-2.738932283
1.001	7.078138975	2.16332388	7.071067907	-2.748742283
1.002	7.085210042	2.160570233	7.071067907	-2.758552283
1.003	7.09228111	2.157806775	7.071067907	-2.768362283
1.004	7.099352178	2.155033508	7.071067907	-2.778172283
1.005	7.106423246	2.152250431	7.071067907	-2.787982283
1.006	7.113494314	2.149457543	7.071067907	-2.797792283
1.007	7.120565382	2.146654846	7.071067907	-2.807602283
1.008	7.12763645	2.143842339	7.071067907	-2.817412283
1.009	7.134707518	2.141020022	7.071067907	-2.827222283
1.01	7.141778586	2.138187894	7.071067907	-2.837032283
1.011	7.148849654	2.135345957	7.071067907	-2.846842283
1.012	7.155920721	2.13249421	7.071067907	-2.856652283
1.013	7.162991789	2.129632652	7.071067907	-2.866462283
1.014	7.170062857	2.126761285	7.071067907	-2.876272283
1.015	7.177133925	2.123880108	7.071067907	-2.886082283
1.016	7.184204993	2.120989121	7.071067907	-2.895892283
1.017	7.191276061	2.118088323	7.071067907	-2.905702283
1.018	7.198347129	2.115177716	7.071067907	-2.915512283
1.019	7.205418197	2.112257299	7.071067907	-2.925322283
1.02	7.212489265	2.109327071	7.071067907	-2.935132283
1.021	7.219560333	2.106387034	7.071067907	-2.944942283
1.022	7.226631401	2.103437187	7.071067907	-2.954752283
1.023	7.233702468	2.10047753	7.071067907	-2.964562283
1.024	7.240773536	2.097508062	7.071067907	-2.974372283
1.025	7.247844604	2.094528785	7.071067907	-2.984182283
1.026	7.254915672	2.091539698	7.071067907	-2.993992283
1.027	7.26198674	2.0885408	7.071067907	-3.003802283
1.028	7.269057808	2.085532093	7.071067907	-3.013612283
1.029	7.276128876	2.082513576	7.071067907	-3.023422283
1.03	7.283199944	2.079485249	7.071067907	-3.033232283
1.031	7.290271012	2.076447111	7.071067907	-3.043042283
1.032	7.29734208	2.073399164	7.071067907	-3.052852283
1.033	7.304413148	2.070341407	7.071067907	-3.062662283
1.034	7.311484215	2.06727384	7.071067907	-3.072472283
1.035	7.318555283	2.064196462	7.071067907	-3.082282283
1.036	7.325626351	2.061109275	7.071067907	-3.092092283
1.037	7.332697419	2.058012278	7.071067907	-3.101902283
1.038	7.339768487	2.05490547	7.071067907	-3.111712283
1.039	7.346839555	2.051788853	7.071067907	-3.121522283
1.04	7.353910623	2.048662426	7.071067907	-3.131332283
1.041	7.360981691	2.045526189	7.071067907	-3.141142283
1.042	7.368052759	2.042380141	7.071067907	-3.150952283
1.043	7.375123827	2.039224284	7.071067907	-3.160762283
1.044	7.382194894	2.036058617	7.071067907	-3.170572283
1.045	7.389265962	2.032883139	7.071067907	-3.180382283
1.046	7.39633703	2.029697852	7.071067907	-3.190192283
1.047	7.403408098	2.026502755	7.071067907	-3.200002283
1.048	7.410479166	2.023297848	7.071067907	-3.209812283
1.049	7.417550234	2.02008313	7.071067907	-3.219622283
1.05	7.424621302	2.016858603	7.071067907	-3.229432283
1.051	7.43169237	2.013624266	7.071067907	-3.239242283
1.052	7.438763438	2.010380118	7.071067907	-3.249052283
1.053	7.445834506	2.007126161	7.071067907	-3.258862283
1.054	7.452905574	2.003862394	7.071067907	-3.268672283
1.055	7.459976641	2.000588817	7.071067907	-3.278482283
1.056	7.467047709	1.997305429	7.071067907	-3.288292283
1.057	7.474118777	1.994012232	7.071067907	-3.298102283
1.058	7.481189845	1.990709225	7.071067907	-3.307912283
1.059	7.488260913	1.987396407	7.071067907	-3.317722283
1.06	7.495331981	1.98407378	7.071067907	-3.327532283
1.061	7.502403049	1.980741343	7.071067907	-3.337342283
1.062	7.509474117	1.977399096	7.071067907	-3.347152283
1.063	7.516545185	1.974047038	7.071067907	-3.356962283
1.064	7.523616253	1.970685171	7.071067907	-3.366772283
1.065	7.530687321	1.967313494	7.071067907	-3.376582283
1.066	7.537758388	1.963932006	7.071067907	-3.386392283
1.067	7.544829456	1.960540709	7.071067907	-3.396202283
1.068	7.551900524	1.957139602	7.071067907	-3.406012283
1.069	7.558971592	1.953728685	7.071067907	-3.415822283
1.07	7.56604266	1.950307957	7.071067907	-3.425632283
1.071	7.573113728	1.94687742	7.071067907	-3.435442283
1.072	7.580184796	1.943437073	7.071067907	-3.445252283
1.073	7.587255864	1.939986915	7.071067907	-3.455062283
1.074	7.594326932	1.936526948	7.071067907	-3.464872283
1.075	7.601398	1.933057171	7.071067907	-3.474682283
1.076	7.608469068	1.929577584	7.071067907	-3.484492283
1.077	7.615540135	1.926088186	7.071067907	-3.494302283
1.078	7.622611203	1.922588979	7.071067907	-3.504112283
1.079	7.629682271	1.919079962	7.071067907	-3.513922283
1.08	7.636753339	1.915561135	7.071067907	-3.523732283
1.081	7.643824407	1.912032497	7.071067907	-3.533542283
1.082	7.650895475	1.90849405	7.071067907	-3.543352283
1.083	7.657966543	1.904945793	7.071067907	-3.553162283
1.084	7.665037611	1.901387725	7.071067907	-3.562972283
1.085	7.672108679	1.897819848	7.071067907	-3.572782283
1.086	7.679179747	1.894242161	7.071067907	-3.582592283
1.087	7.686250814	1.890654664	7.071067907	-3.592402283
1.088	7.693321882	1.887057356	7.071067907	-3.602212283
1.089	7.70039295	1.883450239	7.071067907	-3.612022283
1.09	7.707464018	1.879833312	7.071067907	-3.621832283
1.091	7.714535086	1.876206574	7.071067907	-3.631642283
1.092	7.721606154	1.872570027	7.071067907	-3.641452283
1.093	7.728677222	1.86892367	7.071067907	-3.651262283
1.094	7.73574829	1.865267503	7.071067907	-3.661072283
1.095	7.742819358	1.861601525	7.071067907	-3.670882283
1.096	7.749890426	1.857925738	7.071067907	-3.680692283
1.097	7.756961494	1.854240141	7.071067907	-3.690502283
1.098	7.764032561	1.850544733	7.071067907	-3.700312283
1.099	7.771103629	1.846839516	7.071067907	-3.710122283
1.1	7.778174697	1.843124489	7.071067907	-3.719932283
1.101	7.785245765	1.839399652	7.071067907	-3.729742283
1.102	7.792316833	1.835665004	7.071067907	-3.739552283
1.103	7.799387901	1.831920547	7.071067907	-3.749362283
1.104	7.806458969	1.82816628	7.071067907	-3.759172283
1.105	7.813530037	1.824402202	7.071067907	-3.768982283
1.106	7.820601105	1.820628315	7.071067907	-3.778792283
1.107	7.827672173	1.816844618	7.071067907	-3.788602283
1.108	7.834743241	1.813051111	7.071067907	-3.798412283
1.109	7.841814308	1.809247793	7.071067907	-3.808222283
1.11	7.848885376	1.805434666	7.071067907	-3.818032283
1.111	7.855956444	1.801611729	7.071067907	-3.827842283
1.112	7.863027512	1.797778981	7.071067907	-3.837652283
1.113	7.87009858	1.793936424	7.071067907	-3.847462283
1.114	7.877169648	1.790084057	7.071067907	-3.857272283
1.115	7.884240716	1.78622188	7.071067907	-3.867082283
1.116	7.891311784	1.782349892	7.071067907	-3.876892283
1.117	7.898382852	1.778468095	7.071067907	-3.886702283
1.118	7.90545392	1.774576488	7.071067907	-3.896512283
1.119	7.912524987	1.77067507	7.071067907	-3.906322283
1.12	7.919596055	1.766763843	7.071067907	-3.916132283
1.121	7.926667123	1.762842806	7.071067907	-3.925942283
1.122	7.933738191	1.758911959	7.071067907	-3.935752283
1.123	7.940809259	1.754971301	7.071067907	-3.945562283
1.124	7.947880327	1.751020834	7.071067907	-3.955372283
1.125	7.954951395	1.747060557	7.071067907	-3.965182283
1.126	7.962022463	1.743090469	7.071067907	-3.974992283
1.127	7.969093531	1.739110572	7.071067907	-3.984802283
1.128	7.976164599	1.735120865	7.071067907	-3.994612283
1.129	7.983235667	1.731121348	7.071067907	-4.004422283
1.13	7.990306734	1.72711202	7.071067907	-4.014232283
1.131	7.997377802	1.723092883	7.071067907	-4.024042283
1.132	8.00444887	1.719063936	7.071067907	-4.033852283
1.133	8.011519938	1.715025179	7.071067907	-4.043662283
1.134	8.018591006	1.710976611	7.071067907	-4.053472283
1.135	8.025662074	1.706918234	7.071067907	-4.063282283
1.136	8.032733142	1.702850047	7.071067907	-4.073092283
1.137	8.03980421	1.698772049	7.071067907	-4.082902283
1.138	8.046875278	1.694684242	7.071067907	-4.092712283
1.139	8.053946346	1.690586625	7.071067907	-4.102522283
1.14	8.061017414	1.686479198	7.071067907	-4.112332283
1.141	8.068088481	1.68236196	7.071067907	-4.122142283
1.142	8.075159549	1.678234913	7.071067907	-4.131952283
1.143	8.082230617	1.674098056	7.071067907	-4.141762283
1.144	8.089301685	1.669951388	7.071067907	-4.151572283
1.145	8.096372753	1.665794911	7.071067907	-4.161382283
1.146	8.103443821	1.661628624	7.071067907	-4.171192283
1.147	8.110514889	1.657452527	7.071067907	-4.181002283
1.148	8.117585957	1.653266619	7.071067907	-4.190812283
1.149	8.124657025	1.649070902	7.071067907	-4.200622283
1.15	8.131728093	1.644865375	7.071067907	-4.210432283
1.151	8.13879916	1.640650037	7.071067907	-4.220242283
1.152	8.145870228	1.63642489	7.071067907	-4.230052283
1.153	8.152941296	1.632189933	7.071067907	-4.239862283
1.154	8.160012364	1.627945166	7.071067907	-4.249672283
1.155	8.167083432	1.623690588	7.071067907	-4.259482283
1.156	8.1741545	1.619426201	7.071067907	-4.269292283
1.157	8.181225568	1.615152004	7.071067907	-4.279102283
1.158	8.188296636	1.610867996	7.071067907	-4.288912283
1.159	8.195367704	1.606574179	7.071067907	-4.298722283
1.16	8.202438772	1.602270552	7.071067907	-4.308532283
1.161	8.20950984	1.597957115	7.071067907	-4.318342283
1.162	8.216580907	1.593633867	7.071067907	-4.328152283
1.163	8.223651975	1.58930081	7.071067907	-4.337962283
1.164	8.230723043	1.584957943	7.071067907	-4.347772283
1.165	8.237794111	1.580605265	7.071067907	-4.357582283
1.166	8.244865179	1.576242778	7.071067907	-4.367392283
1.167	8.251936247	1.571870481	7.071067907	-4.377202283
1.168	8.259007315	1.567488374	7.071067907	-4.387012283
1.169	8.266078383	1.563096456	7.071067907	-4.396822283
1.17	8.273149451	1.558694729	7.071067907	-4.406632283
1.171	8.280220519	1.554283192	7.071067907	-4.416442283
1.172	8.287291587	1.549861844	7.071067907	-4.426252283
1.173	8.294362654	1.545430687	7.071067907	-4.436062283
1.174	8.301433722	1.54098972	7.071067907	-4.445872283
1.175	8.30850479	1.536538943	7.071067907	-4.455682283
1.176	8.315575858	1.532078355	7.071067907	-4.465492283
1.177	8.322646926	1.527607958	7.071067907	-4.475302283
1.178	8.329717994	1.523127751	7.071067907	-4.485112283
1.179	8.336789062	1.518637733	7.071067907	-4.494922283
1.18	8.34386013	1.514137906	7.071067907	-4.504732283
1.181	8.350931198	1.509628269	7.071067907	-4.514542283
1.182	8.358002266	1.505108822	7.071067907	-4.524352283
1.183	8.365073334	1.500579564	7.071067907	-4.534162283
1.184	8.372144401	1.496040497	7.071067907	-4.543972283
1.185	8.379215469	1.49149162	7.071067907	-4.553782283
1.186	8.386286537	1.486932933	7.071067907	-4.563592283
1.187	8.393357605	1.482364435	7.071067907	-4.573402283
1.188	8.400428673	1.477786128	7.071067907	-4.583212283
1.189	8.407499741	1.473198011	7.071067907	-4.593022283
1.19	8.414570809	1.468600083	7.071067907	-4.602832283
1.191	8.421641877	1.463992346	7.071067907	-4.612642283
1.192	8.428712945	1.459374799	7.071067907	-4.622452283
1.193	8.435784013	1.454747442	7.071067907	-4.632262283
1.194	8.44285508	1.450110274	7.071067907	-4.642072283
1.195	8.449926148	1.445463297	7.071067907	-4.651882283
1.196	8.456997216	1.44080651	7.071067907	-4.661692283
1.197	8.464068284	1.436139912	7.071067907	-4.671502283
1.198	8.471139352	1.431463505	7.071067907	-4.681312283
1.199	8.47821042	1.426777288	7.071067907	-4.691122283
1.2	8.485281488	1.422081261	7.071067907	-4.700932283
1.201	8.492352556	1.417375423	7.071067907	-4.710742283
1.202	8.499423624	1.412659776	7.071067907	-4.720552283
1.203	8.506494692	1.407934319	7.071067907	-4.730362283
1.204	8.51356576	1.403199051	7.071067907	-4.740172283
1.205	8.520636827	1.398453974	7.071067907	-4.749982283
1.206	8.527707895	1.393699087	7.071067907	-4.759792283
1.207	8.534778963	1.38893439	7.071067907	-4.769602283
1.208	8.541850031	1.384159882	7.071067907	-4.779412283
1.209	8.548921099	1.379375565	7.071067907	-4.789222283
1.21	8.555992167	1.374581438	7.071067907	-4.799032283
1.211	8.563063235	1.3697775	7.071067907	-4.808842283
1.212	8.570134303	1.364963753	7.071067907	-4.818652283
1.213	8.577205371	1.360140196	7.071067907	-4.828462283
1.214	8.584276439	1.355306829	7.071067907	-4.838272283
1.215	8.591347507	1.350463651	7.071067907	-4.848082283
1.216	8.598418574	1.345610664	7.071067907	-4.857892283
1.217	8.605489642	1.340747867	7.071067907	-4.867702283
1.218	8.61256071	1.335875259	7.071067907	-4.877512283
1.219	8.619631778	1.330992842	7.071067907	-4.887322283
1.22	8.626702846	1.326100615	7.071067907	-4.897132283
1.221	8.633773914	1.321198578	7.071067907	-4.906942283
1.222	8.640844982	1.31628673	7.071067907	-4.916752283
1.223	8.64791605	1.311365073	7.071067907	-4.926562283
1.224	8.654987118	1.306433606	7.071067907	-4.936372283
1.225	8.662058186	1.301492328	7.071067907	-4.946182283
1.226	8.669129253	1.296541241	7.071067907	-4.955992283
1.227	8.676200321	1.291580344	7.071067907	-4.965802283
1.228	8.683271389	1.286609637	7.071067907	-4.975612283
1.229	8.690342457	1.281629119	7.071067907	-4.985422283
1.23	8.697413525	1.276638792	7.071067907	-4.995232283
1.231	8.704484593	1.271638655	7.071067907	-5.005042283
1.232	8.711555661	1.266628708	7.071067907	-5.014852283
1.233	8.718626729	1.26160895	7.071067907	-5.024662283
1.234	8.725697797	1.256579383	7.071067907	-5.034472283
1.235	8.732768865	1.251540006	7.071067907	-5.044282283
1.236	8.739839933	1.246490818	7.071067907	-5.054092283
1.237	8.746911	1.241431821	7.071067907	-5.063902283
1.238	8.753982068	1.236363014	7.071067907	-5.073712283
1.239	8.761053136	1.231284397	7.071067907	-5.083522283
1.24	8.768124204	1.226195969	7.071067907	-5.093332283
1.241	8.775195272	1.221097732	7.071067907	-5.103142283
1.242	8.78226634	1.215989685	7.071067907	-5.112952283
1.243	8.789337408	1.210871827	7.071067907	-5.122762283
1.244	8.796408476	1.20574416	7.071067907	-5.132572283
1.245	8.803479544	1.200606683	7.071067907	-5.142382283
1.246	8.810550612	1.195459396	7.071067907	-5.152192283
1.247	8.81762168	1.190302298	7.071067907	-5.162002283
1.248	8.824692747	1.185135391	7.071067907	-5.171812283
1.249	8.831763815	1.179958674	7.071067907	-5.181622283
1.25	8.838834883	1.174772146	7.071067907	-5.191432283
1.251	8.845905951	1.169575809	7.071067907	-5.201242283
1.252	8.852977019	1.164369662	7.071067907	-5.211052283
1.253	8.860048087	1.159153705	7.071067907	-5.220862283
1.254	8.867119155	1.153927937	7.071067907	-5.230672283
1.255	8.874190223	1.14869236	7.071067907	-5.240482283
1.256	8.881261291	1.143446973	7.071067907	-5.250292283
1.257	8.888332359	1.138191775	7.071067907	-5.260102283
1.258	8.895403427	1.132926768	7.071067907	-5.269912283
1.259	8.902474494	1.127651951	7.071067907	-5.279722283
1.26	8.909545562	1.122367324	7.071067907	-5.289532283
1.261	8.91661663	1.117072886	7.071067907	-5.299342283
1.262	8.923687698	1.111768639	7.071067907	-5.309152283
1.263	8.930758766	1.106454582	7.071067907	-5.318962283
1.264	8.937829834	1.101130714	7.071067907	-5.328772283
1.265	8.944900902	1.095797037	7.071067907	-5.338582283
1.266	8.95197197	1.09045355	7.071067907	-5.348392283
1.267	8.959043038	1.085100253	7.071067907	-5.358202283
1.268	8.966114106	1.079737145	7.071067907	-5.368012283
1.269	8.973185173	1.074364228	7.071067907	-5.377822283
1.27	8.980256241	1.068981501	7.071067907	-5.387632283
1.271	8.987327309	1.063588963	7.071067907	-5.397442283
1.272	8.994398377	1.058186616	7.071067907	-5.407252283
1.273	9.001469445	1.052774459	7.071067907	-5.417062283
1.274	9.008540513	1.047352492	7.071067907	-5.426872283
1.275	9.015611581	1.041920714	7.071067907	-5.436682283
1.276	9.022682649	1.036479127	7.071067907	-5.446492283
1.277	9.029753717	1.03102773	7.071067907	-5.456302283
1.278	9.036824785	1.025566522	7.071067907	-5.466112283
1.279	9.043895853	1.020095505	7.071067907	-5.475922283
1.28	9.05096692	1.014614678	7.071067907	-5.485732283
1.281	9.058037988	1.009124041	7.071067907	-5.495542283
1.282	9.065109056	1.003623593	7.071067907	-5.505352283
1.283	9.072180124	0.9981133361	7.071067907	-5.515162283
1.284	9.079251192	0.9925932688	7.071067907	-5.524972283
1.285	9.08632226	0.9870633915	7.071067907	-5.534782283
1.286	9.093393328	0.9815237042	7.071067907	-5.544592283
1.287	9.100464396	0.9759742069	7.071067907	-5.554402283
1.288	9.107535464	0.9704148997	7.071067907	-5.564212283
1.289	9.114606532	0.9648457824	7.071067907	-5.574022283
1.29	9.1216776	0.9592668551	7.071067907	-5.583832283
1.291	9.128748667	0.9536781178	7.071067907	-5.593642283
1.292	9.135819735	0.9480795705	7.071067907	-5.603452283
1.293	9.142890803	0.9424712133	7.071067907	-5.613262283
1.294	9.149961871	0.936853046	7.071067907	-5.623072283
1.295	9.157032939	0.9312250687	7.071067907	-5.632882283
1.296	9.164104007	0.9255872814	7.071067907	-5.642692283
1.297	9.171175075	0.9199396841	7.071067907	-5.652502283
1.298	9.178246143	0.9142822768	7.071067907	-5.662312283
1.299	9.185317211	0.9086150596	7.071067907	-5.672122283
1.3	9.192388279	0.9029380323	7.071067907	-5.681932283
1.301	9.199459346	0.897251195	7.071067907	-5.691742283
1.302	9.206530414	0.8915545477	7.071067907	-5.701552283
1.303	9.213601482	0.8858480904	7.071067907	-5.711362283
1.304	9.22067255	0.8801318231	7.071067907	-5.721172283
1.305	9.227743618	0.8744057459	7.071067907	-5.730982283
1.306	9.234814686	0.8686698586	7.071067907	-5.740792283
1.307	9.241885754	0.8629241613	7.071067907	-5.750602283
1.308	9.248956822	0.857168654	7.071067907	-5.760412283
1.309	9.25602789	0.8514033367	7.071067907	-5.770222283
1.31	9.263098958	0.8456282094	7.071067907	-5.780032283
1.311	9.270170026	0.8398432722	7.071067907	-5.789842283
1.312	9.277241093	0.8340485249	7.071067907	-5.799652283
1.313	9.284312161	0.8282439676	7.071067907	-5.809462283
1.314	9.291383229	0.8224296003	7.071067907	-5.819272283
1.315	9.298454297	0.816605423	7.071067907	-5.829082283
1.316	9.305525365	0.8107714357	7.071067907	-5.838892283
1.317	9.312596433	0.8049276385	7.071067907	-5.848702283
1.318	9.319667501	0.7990740312	7.071067907	-5.858512283
1.319	9.326738569	0.7932106139	7.071067907	-5.868322283
1.32	9.333809637	0.7873373866	7.071067907	-5.878132283
1.321	9.340880705	0.7814543493	7.071067907	-5.887942283
1.322	9.347951773	0.775561502	7.071067907	-5.897752283
1.323	9.35502284	0.7696588448	7.071067907	-5.907562283
1.324	9.362093908	0.7637463775	7.071067907	-5.917372283
1.325	9.369164976	0.7578241002	7.071067907	-5.927182283
1.326	9.376236044	0.7518920129	7.071067907	-5.936992283
1.327	9.383307112	0.7459501156	7.071067907	-5.946802283
1.328	9.39037818	0.7399984084	7.071067907	-5.956612283
1.329	9.397449248	0.7340368911	7.071067907	-5.966422283
1.33	9.404520316	0.7280655638	7.071067907	-5.976232283
1.331	9.411591384	0.7220844265	7.071067907	-5.986042283
1.332	9.418662452	0.7160934792	7.071067907	-5.995852283
1.333	9.425733519	0.7100927219	7.071067907	-6.005662283
1.334	9.432804587	0.7040821547	7.071067907	-6.015472283
1.335	9.439875655	0.6980617774	7.071067907	-6.025282283
1.336	9.446946723	0.6920315901	7.071067907	-6.035092283
1.337	9.454017791	0.6859915928	7.071067907	-6.044902283
1.338	9.461088859	0.6799417855	7.071067907	-6.054712283
1.339	9.468159927	0.6738821682	7.071067907	-6.064522283
1.34	9.475230995	0.667812741	7.071067907	-6.074332283
1.341	9.482302063	0.6617335037	7.071067907	-6.084142283
1.342	9.489373131	0.6556444564	7.071067907	-6.093952283
1.343	9.496444199	0.6495455991	7.071067907	-6.103762283
1.344	9.503515266	0.6434369318	7.071067907	-6.113572283
1.345	9.510586334	0.6373184545	7.071067907	-6.123382283
1.346	9.517657402	0.6311901673	7.071067907	-6.133192283
1.347	9.52472847	0.62505207	7.071067907	-6.143002283
1.348	9.531799538	0.6189041627	7.071067907	-6.152812283
1.349	9.538870606	0.6127464454	7.071067907	-6.162622283
1.35	9.545941674	0.6065789181	7.071067907	-6.172432283
1.351	9.553012742	0.6004015808	7.071067907	-6.182242283
1.352	9.56008381	0.5942144336	7.071067907	-6.192052283
1.353	9.567154878	0.5880174763	7.071067907	-6.201862283
1.354	9.574225946	0.581810709	7.071067907	-6.211672283
1.355	9.581297013	0.5755941317	7.071067907	-6.221482283
1.356	9.588368081	0.5693677444	7.071067907	-6.231292283
1.357	9.595439149	0.5631315471	7.071067907	-6.241102283
1.358	9.602510217	0.5568855399	7.071067907	-6.250912283
1.359	9.609581285	0.5506297226	7.071067907	-6.260722283
1.36	9.616652353	0.5443640953	7.071067907	-6.270532283
1.361	9.623723421	0.538088658	7.071067907	-6.280342283
1.362	9.630794489	0.5318034107	7.071067907	-6.290152283
1.363	9.637865557	0.5255083535	7.071067907	-6.299962283
1.364	9.644936625	0.5192034862	7.071067907	-6.309772283
1.365	9.652007693	0.5128888089	7.071067907	-6.319582283
1.366	9.65907876	0.5065643216	7.071067907	-6.329392283
1.367	9.666149828	0.5002300243	7.071067907	-6.339202283
1.368	9.673220896	0.493885917	7.071067907	-6.349012283
1.369	9.680291964	0.4875319998	7.071067907	-6.358822283
1.37	9.687363032	0.4811682725	7.071067907	-6.368632283
1.371	9.6944341	0.4747947352	7.071067907	-6.378442283
1.372	9.701505168	0.4684113879	7.071067907	-6.388252283
1.373	9.708576236	0.4620182306	7.071067907	-6.398062283
1.374	9.715647304	0.4556152633	7.071067907	-6.407872283
1.375	9.722718372	0.4492024861	7.071067907	-6.417682283
1.376	9.729789439	0.4427798988	7.071067907	-6.427492283
1.377	9.736860507	0.4363475015	7.071067907	-6.437302283
1.378	9.743931575	0.4299052942	7.071067907	-6.447112283
1.379	9.751002643	0.4234532769	7.071067907	-6.456922283
1.38	9.758073711	0.4169914496	7.071067907	-6.466732283
1.381	9.765144779	0.4105198124	7.071067907	-6.476542283
1.382	9.772215847	0.4040383651	7.071067907	-6.486352283
1.383	9.779286915	0.3975471078	7.071067907	-6.496162283
1.384	9.786357983	0.3910460405	7.071067907	-6.505972283
1.385	9.793429051	0.3845351632	7.071067907	-6.515782283
1.386	9.800500119	0.3780144759	7.071067907	-6.525592283
1.387	9.807571186	0.3714839787	7.071067907	-6.535402283
1.388	9.814642254	0.3649436714	7.071067907	-6.545212283
1.389	9.821713322	0.3583935541	7.071067907	-6.555022283
1.39	9.82878439	0.3518336268	7.071067907	-6.564832283
1.391	9.835855458	0.3452638895	7.071067907	-6.574642283
1.392	9.842926526	0.3386843422	7.071067907	-6.584452283
1.393	9.849997594	0.332094985	7.071067907	-6.594262283
1.394	9.857068662	0.3254958177	7.071067907	-6.604072283
1.395	9.86413973	0.3188868404	7.071067907	-6.613882283
1.396	9.871210798	0.3122680531	7.071067907	-6.623692283
1.397	9.878281866	0.3056394558	7.071067907	-6.633502283
1.398	9.885352933	0.2990010485	7.071067907	-6.643312283
1.399	9.892424001	0.2923528313	7.071067907	-6.653122283
1.4	9.899495069	0.285694804	7.071067907	-6.662932283
1.401	9.906566137	0.2790269667	7.071067907	-6.672742283
1.402	9.913637205	0.2723493194	7.071067907	-6.682552283
1.403	9.920708273	0.2656618621	7.071067907	-6.692362283
1.404	9.927779341	0.2589645949	7.071067907	-6.702172283
1.405	9.934850409	0.2522575176	7.071067907	-6.711982283
1.406	9.941921477	0.2455406303	7.071067907	-6.721792283
1.407	9.948992545	0.238813933	7.071067907	-6.731602283
1.408	9.956063612	0.2320774257	7.071067907	-6.741412283
1.409	9.96313468	0.2253311084	7.071067907	-6.751222283
1.41	9.970205748	0.2185749812	7.071067907	-6.761032283
1.411	9.977276816	0.2118090439	7.071067907	-6.770842283
1.412	9.984347884	0.2050332966	7.071067907	-6.780652283
1.413	9.991418952	0.1982477393	7.071067907	-6.790462283
1.414	9.99849002	0.191452372	7.071067907	-6.800272283
1.415	10.00556109	0.1846471947	7.071067907	-6.810082283
1.416	10.01263216	0.1778322075	7.071067907	-6.819892283
1.417	10.01970322	0.1710074102	7.071067907	-6.829702283
1.418	10.02677429	0.1641728029	7.071067907	-6.839512283
1.419	10.03384536	0.1573283856	7.071067907	-6.849322283
1.42	10.04091643	0.1504741583	7.071067907	-6.859132283
1.421	10.0479875	0.143610121	7.071067907	-6.868942283
1.422	10.05505856	0.1367362738	7.071067907	-6.878752283
1.423	10.06212963	0.1298526165	7.071067907	-6.888562283
1.424	10.0692007	0.1229591492	7.071067907	-6.898372283
1.425	10.07627177	0.1160558719	7.071067907	-6.908182283
1.426	10.08334283	0.1091427846	7.071067907	-6.917992283
1.427	10.0904139	0.1022198873	7.071067907	-6.927802283
1.428	10.09748497	0.09528718006	7.071067907	-6.937612283
1.429	10.10455604	0.08834466278	7.071067907	-6.947422283
1.43	10.11162711	0.0813923355	7.071067907	-6.957232283
1.431	10.11869817	0.07443019822	7.071067907	-6.967042283
1.432	10.12576924	0.06745825093	7.071067907	-6.976852283
1.433	10.13284031	0.06047649365	7.071067907	-6.986662283
1.434	10.13991138	0.05348492637	7.071067907	-6.996472283
1.435	10.14698245	0.04648354908	7.071067907	-7.006282283
1.436	10.15405351	0.0394723618	7.071067907	-7.016092283
1.437	10.16112458	0.03245136452	7.071067907	-7.025902283
1.438	10.16819565	0.02542055724	7.071067907	-7.035712283
1.439	10.17526672	0.01837993995	7.071067907	-7.045522283
1.44	10.18233779	0.01132951267	7.071067907	-7.055332283
1.441	10.18940885	0.004269275386	7.071067907	-7.065142283
