0	0	0	7.071067907	7.071067717
0.001	0.007053419663	0.007048522639	7.035800808	7.026015104
0.002	0.01407166025	0.01405210511	7.000709605	6.981187192
0.003	0.02105489721	0.02101097155	6.965793421	6.936582859
0.004	0.02800330514	0.02792534498	6.931051381	6.892200992
0.005	0.03491705773	0.03479544732	6.896482618	6.848040481
0.006	0.04179632784	0.04162149936	6.862086267	6.80410022
0.007	0.04864128745	0.04840372081	6.827861469	6.760379113
0.008	0.05545210768	0.05514233027	6.793807368	6.716876066
0.009	0.0622289588	0.06183754527	6.759923113	6.673589991
0.01	0.06897201024	0.06848958222	6.726207855	6.630519806
0.011	0.07568143057	0.07509865648	6.692660754	6.587664435
0.012	0.08235738752	0.08166498233	6.659280969	6.545022805
0.013	0.089000048	0.08818877298	6.626067667	6.502593852
0.014	0.09560957807	0.09467024058	6.593020016	6.460376514
0.015	0.102186143	0.1011095962	6.560137192	6.418369736
0.016	0.1087299071	0.1075070499	6.527418371	6.376572468
0.017	0.1152410341	0.1138628106	6.494862736	6.334983664
0.018	0.1217196867	0.1201770864	6.462469473	6.293602285
0.019	0.1281660269	0.126450084	6.430237772	6.252427297
0.02	0.1345802158	0.1326820094	6.398166827	6.21145767
0.021	0.1409624139	0.1388730674	6.366255837	6.17069238
0.022	0.1473127806	0.1450234619	6.334504004	6.130130407
0.023	0.1536314747	0.1511333957	6.302910533	6.089770739
0.024	0.1599186542	0.1572030705	6.271474636	6.049612365
0.025	0.1661744762	0.1632326872	6.240195526	6.009654281
0.026	0.1723990972	0.1692224455	6.209072421	5.96989549
0.027	0.1785926728	0.1751725443	6.178104543	5.930334996
0.028	0.1847553578	0.1810831813	6.147291118	5.890971811
0.029	0.1908873063	0.1869545533	6.116631375	5.85180495
0.03	0.1969886715	0.1927868563	6.086124549	5.812833436
0.031	0.2030596061	0.198580285	6.055769876	5.774056292
0.032	0.2091002617	0.2043350333	6.025566598	5.73547255
0.033	0.2151107895	0.2100512942	5.995513959	5.697081246
0.034	0.2210913396	0.2157292597	5.965611209	5.658881419
0.035	0.2270420616	0.2213691206	5.935857599	5.620872114
0.036	0.2329631043	0.2269710671	5.906252385	5.583052382
0.037	0.2388546156	0.2325352882	5.876794829	5.545421276
0.038	0.2447167429	0.2380619722	5.847484192	5.507977856
0.039	0.2505496327	0.2435513062	5.818319743	5.470721186
0.04	0.2563534309	0.2490034765	5.789300752	5.433650335
0.041	0.2621282825	0.2544186685	5.760426494	5.396764375
0.042	0.2678743319	0.2597970666	5.731696247	5.360062384
0.043	0.2735917227	0.2651388543	5.703109293	5.323543446
0.044	0.279280598	0.2704442142	5.674664917	5.287206646
0.045	0.2849410998	0.275713328	5.646362407	5.251051077
0.046	0.2905733698	0.2809463764	5.618201057	5.215075835
0.047	0.2961775488	0.2861435394	5.590180163	5.17928002
0.048	0.3017537768	0.291304996	5.562299023	5.143662737
0.049	0.3073021932	0.2964309241	5.534556941	5.108223096
0.05	0.3128229368	0.3015215011	5.506953223	5.072960212
0.051	0.3183161455	0.3065769032	5.479487179	5.037873201
0.052	0.3237819568	0.3115973058	5.452158123	5.002961188
0.053	0.3292205072	0.3165828836	5.424965371	4.968223299
0.054	0.3346319327	0.3215338102	5.397908243	4.933658666
0.055	0.3400163687	0.3264502584	5.370986063	4.899266425
0.056	0.3453739496	0.3313324002	5.344198159	4.865045716
0.057	0.3507048095	0.3361804067	5.317543859	4.830995684
0.058	0.3560090816	0.3409944482	5.291022498	4.797115476
0.059	0.3612868986	0.345774694	5.264633414	4.763404247
0.06	0.3665383923	0.3505213127	5.238375945	4.729861154
0.061	0.3717636941	0.3552344721	5.212249436	4.696485357
0.062	0.3769629346	0.3599143389	5.186253233	4.663276022
0.063	0.3821362438	0.3645610793	5.160386687	4.63023232
0.064	0.387283751	0.3691748585	5.134649151	4.597353425
0.065	0.3924055849	0.3737558408	5.109039982	4.564638513
0.066	0.3975018736	0.3783041899	5.083558539	4.532086768
0.067	0.4025727444	0.3828200685	5.058204185	4.499697375
0.068	0.4076183241	0.3873036385	5.032976286	4.467469525
0.069	0.4126387389	0.3917550611	5.007874212	4.435402412
0.07	0.4176341142	0.3961744966	4.982897335	4.403495234
0.071	0.4226045751	0.4005621046	4.958045031	4.371747194
0.072	0.4275502456	0.4049180438	4.933316678	4.340157498
0.073	0.4324712495	0.4092424721	4.908711659	4.308725356
0.074	0.4373677098	0.4135355468	4.884229357	4.277449983
0.075	0.442239749	0.4177974241	4.859869162	4.246330597
0.076	0.4470874887	0.4220282597	4.835630463	4.215366419
0.077	0.4519110502	0.4262282084	4.811512656	4.184556675
0.078	0.4567105541	0.4303974243	4.787515136	4.153900596
0.079	0.4614861204	0.4345360606	4.763637305	4.123397414
0.08	0.4662378684	0.4386442698	4.739878565	4.093046368
0.081	0.470965917	0.4427222038	4.716238322	4.062846698
0.082	0.4756703843	0.4467700134	4.692715985	4.03279765
0.083	0.4803513881	0.450787849	4.669310966	4.002898472
0.084	0.4850090452	0.4547758601	4.646022681	3.973148417
0.085	0.4896434721	0.4587341953	4.622850546	3.94354674
0.086	0.4942547848	0.4626630028	4.599793983	3.914092703
0.087	0.4988430984	0.4665624297	4.576852414	3.884785569
0.088	0.5034085278	0.4704326226	4.554025268	3.855624604
0.089	0.5079511869	0.4742737274	4.531311972	3.82660908
0.09	0.5124711895	0.478085889	4.508711959	3.797738272
0.091	0.5169686484	0.4818692519	4.486224665	3.769011457
0.092	0.5214436762	0.4856239597	4.463849526	3.740427919
0.093	0.5258963847	0.4893501553	4.441585983	3.711986941
0.094	0.5303268852	0.4930479809	4.419433481	3.683687813
0.095	0.5347352884	0.496717578	4.397391464	3.655529827
0.096	0.5391217047	0.5003590873	4.375459383	3.62751228
0.097	0.5434862437	0.5039726491	4.353636688	3.599634472
0.098	0.5478290144	0.5075584026	4.331922835	3.571895704
0.099	0.5521501254	0.5111164866	4.310317279	3.544295284
0.1	0.5564496849	0.5146470391	4.288819482	3.516832522
0.101	0.5607278001	0.5181501973	4.267428906	3.48950673
0.102	0.5649845782	0.521626098	4.246145015	3.462317227
0.103	0.5692201256	0.525074877	4.224967279	3.435263332
0.104	0.573434548	0.5284966696	4.203895167	3.408344369
0.105	0.5776279509	0.5318916105	4.182928152	3.381559665
0.106	0.5818004392	0.5352598335	4.162065711	3.35490855
0.107	0.585952117	0.5386014719	4.141307321	3.328390358
0.108	0.5900830883	0.5419166583	4.120652465	3.302004426
0.109	0.5941934563	0.5452055246	4.100100625	3.275750094
0.11	0.5982833237	0.5484682021	4.079651288	3.249626707
0.111	0.6023527929	0.5517048214	4.059303942	3.22363361
0.112	0.6064019655	0.5549155125	4.039058079	3.197770154
0.113	0.6104309427	0.5581004048	4.018913193	3.172035693
0.114	0.6144398253	0.5612596267	3.99886878	3.146429584
0.115	0.6184287136	0.5643933065	3.978924339	3.120951185
0.116	0.6223977072	0.5675015714	3.959079371	3.09559986
0.117	0.6263469053	0.5705845484	3.93933338	3.070374975
0.118	0.6302764068	0.5736423633	3.919685873	3.0452759
0.119	0.6341863097	0.5766751419	3.900136358	3.020302008
0.12	0.638076712	0.5796830089	3.880684347	2.995452673
0.121	0.6419477108	0.5826660885	3.861329353	2.970727274
0.122	0.6457994029	0.5856245045	3.842070892	2.946125195
0.123	0.6496318846	0.5885583798	3.822908484	2.921645818
0.124	0.6534452517	0.5914678369	3.803841648	2.897288533
0.125	0.6572395996	0.5943529974	3.784869909	2.87305273
0.126	0.661015023	0.5972139826	3.765992791	2.848937804
0.127	0.6647716165	0.6000509131	3.747209824	2.824943152
0.128	0.6685094739	0.6028639088	3.728520537	2.801068173
0.129	0.6722286887	0.6056530891	3.709924463	2.777312271
0.13	0.6759293538	0.6084185728	3.691421138	2.753674853
0.131	0.6796115617	0.6111604781	3.673010098	2.730155326
0.132	0.6832754046	0.6138789226	3.654690884	2.706753104
0.133	0.6869209739	0.6165740232	3.636463037	2.683467601
0.134	0.6905483609	0.6192458965	3.618326102	2.660298235
0.135	0.6941576563	0.6218946582	3.600279625	2.637244426
0.136	0.6977489502	0.6245204237	3.582323156	2.614305599
0.137	0.7013223324	0.6271233076	3.564456244	2.591481179
0.138	0.7048778924	0.629703424	3.546678445	2.568770597
0.139	0.7084157189	0.6322608865	3.528989312	2.546173285
0.14	0.7119359004	0.6347958081	3.511388405	2.523688676
0.141	0.715438525	0.6373083013	3.493875282	2.501316211
0.142	0.7189236801	0.6397984777	3.476449506	2.479055328
0.143	0.7223914529	0.6422664489	3.459110642	2.456905473
0.144	0.7258419302	0.6447123255	3.441858256	2.43486609
0.145	0.7292751981	0.6471362177	3.424691916	2.412936628
0.146	0.7326913426	0.6495382352	3.407611194	2.391116541
0.147	0.7360904489	0.6519184871	3.390615662	2.369405282
0.148	0.7394726022	0.6542770819	3.373704896	2.347802308
0.149	0.7428378868	0.6566141276	3.356878472	2.326307079
0.15	0.7461863871	0.6589297318	3.340135971	2.304919058
0.151	0.7495181866	0.6612240013	3.323476974	2.283637711
0.152	0.7528333687	0.6634970426	3.306901063	2.262462504
0.153	0.7561320163	0.6657489615	3.290407825	2.24139291
0.154	0.7594142118	0.6679798634	3.273996848	2.2204284
0.155	0.7626800373	0.6701898532	3.25766772	2.199568451
0.156	0.7659295744	0.672379035	3.241420035	2.178812542
0.157	0.7691629043	0.6745475128	3.225253385	2.158160153
0.158	0.772380108	0.6766953897	3.209167366	2.137610769
0.159	0.7755812658	0.6788227685	3.193161577	2.117163875
0.16	0.7787664578	0.6809297514	3.177235618	2.09681896
0.161	0.7819357635	0.6830164402	3.161389089	2.076575516
0.162	0.7850892623	0.6850829361	3.145621595	2.056433037
0.163	0.7882270329	0.6871293398	3.129932742	2.036391018
0.164	0.7913491539	0.6891557514	3.114322137	2.01644896
0.165	0.7944557032	0.6911622708	3.098789391	1.996606363
0.166	0.7975467585	0.6931489972	3.083334114	1.976862731
0.167	0.8006223971	0.6951160291	3.067955921	1.957217572
0.168	0.8036826959	0.697063465	3.052654427	1.937670392
0.169	0.8067277314	0.6989914024	3.03742925	1.918220705
0.17	0.8097575797	0.7008999387	3.022280008	1.898868024
0.171	0.8127723166	0.7027891706	3.007206324	1.879611864
0.172	0.8157720174	0.7046591944	2.99220782	1.860451745
0.173	0.8187567572	0.706510106	2.977284121	1.841387187
0.174	0.8217266105	0.7083420005	2.962434854	1.822417715
0.175	0.8246816516	0.7101549729	2.947659649	1.803542852
0.176	0.8276219543	0.7119491176	2.932958135	1.784762129
0.177	0.8305475923	0.7137245284	2.918329945	1.766075075
0.178	0.8334586385	0.7154812988	2.903774714	1.747481223
0.179	0.8363551659	0.7172195218	2.889292077	1.728980108
0.18	0.8392372468	0.7189392898	2.874881673	1.710571268
0.181	0.8421049532	0.7206406949	2.860543141	1.692254243
0.182	0.8449583569	0.7223238287	2.846276122	1.674028573
0.183	0.8477975292	0.7239887824	2.832080261	1.655893805
0.184	0.850622541	0.7256356465	2.817955202	1.637849485
0.185	0.853433463	0.7272645113	2.803900591	1.61989516
0.186	0.8562303656	0.7288754667	2.789916079	1.602030384
0.187	0.8590133185	0.7304686018	2.776001314	1.584254708
0.188	0.8617823913	0.7320440056	2.76215595	1.566567689
0.189	0.8645376534	0.7336017666	2.74837964	1.548968884
0.19	0.8672791735	0.7351419727	2.734672039	1.531457854
0.191	0.8700070202	0.7366647114	2.721032805	1.51403416
0.192	0.8727212618	0.7381700699	2.707461598	1.496697367
0.193	0.875421966	0.739658135	2.693958077	1.479447042
0.194	0.8781092004	0.7411289927	2.680521905	1.462282754
0.195	0.8807830321	0.742582729	2.667152746	1.445204072
0.196	0.8834435281	0.7440194292	2.653850266	1.428210571
0.197	0.8860907548	0.7454391784	2.640614133	1.411301825
0.198	0.8887247784	0.746842061	2.627444015	1.394477412
0.199	0.8913456647	0.7482281612	2.614339583	1.377736911
0.2	0.8939534793	0.7495975627	2.60130051	1.361079904
0.201	0.8965482874	0.7509503487	2.58832647	1.344505974
0.202	0.8991301538	0.7522866022	2.575417137	1.328014706
0.203	0.9016991431	0.7536064055	2.562572191	1.31160569
0.204	0.9042553196	0.7549098408	2.549791309	1.295278513
0.205	0.906798747	0.7561969897	2.537074172	1.279032769
0.206	0.9093294891	0.7574679334	2.524420461	1.26286805
0.207	0.911847609	0.7587227527	2.511829862	1.246783954
0.208	0.9143531697	0.759961528	2.499302058	1.230780077
0.209	0.9168462339	0.7611843394	2.486836737	1.21485602
0.21	0.9193268639	0.7623912665	2.474433587	1.199011385
0.211	0.9217951217	0.7635823885	2.462092298	1.183245774
0.212	0.924251069	0.7647577843	2.449812561	1.167558796
0.213	0.9266947672	0.7659175322	2.43759407	1.151950056
0.214	0.9291262775	0.7670617103	2.425436519	1.136419165
0.215	0.9315456605	0.7681903964	2.413339604	1.120965735
0.216	0.9339529768	0.7693036675	2.401303023	1.10558938
0.217	0.9363482866	0.7704016007	2.389326474	1.090289714
0.218	0.9387316497	0.7714842724	2.377409658	1.075066355
0.219	0.9411031257	0.7725517587	2.365552278	1.059918924
0.22	0.9434627739	0.7736041354	2.353754037	1.04484704
0.221	0.9458106534	0.7746414778	2.34201464	1.029850328
0.222	0.9481468227	0.775663861	2.330333793	1.014928412
0.223	0.9504713404	0.7766713595	2.318711205	1.00008092
0.224	0.9527842645	0.7776640475	2.307146584	0.9853074796
0.225	0.9550856528	0.778641999	2.295639643	0.9706077222
0.226	0.9573755629	0.7796052874	2.284190092	0.9559812801
0.227	0.959654052	0.7805539859	2.272797647	0.9414277878
0.228	0.9619211771	0.7814881672	2.261462021	0.9269468813
0.229	0.9641769949	0.7824079037	2.250182932	0.9125381986
0.23	0.9664215617	0.7833132675	2.238960098	0.8982013795
0.231	0.9686549337	0.7842043303	2.227793238	0.8839360656
0.232	0.9708771668	0.7850811634	2.216682073	0.8697419003
0.233	0.9730883164	0.7859438377	2.205626325	0.8556185286
0.234	0.9752884378	0.7867924239	2.194625718	0.8415655976
0.235	0.9774775861	0.7876269923	2.183679976	0.8275827559
0.236	0.9796558159	0.7884476127	2.172788827	0.8136696538
0.237	0.9818231818	0.7892543547	2.161951997	0.7998259437
0.238	0.983979738	0.7900472876	2.151169217	0.7860512793
0.239	0.9861255382	0.7908264802	2.140440216	0.7723453164
0.24	0.9882606362	0.791592001	2.129764726	0.7587077122
0.241	0.9903850854	0.7923439182	2.11914248	0.7451381259
0.242	0.9924989388	0.7930822998	2.108573212	0.7316362182
0.243	0.9946022494	0.7938072131	2.09805666	0.7182016515
0.244	0.9966950696	0.7945187254	2.087592558	0.70483409
0.245	0.9987774519	0.7952169035	2.077180647	0.6915331995
0.246	1.000849448	0.7959018139	2.066820665	0.6782986474
0.247	1.00291111	0.7965735228	2.056512354	0.665130103
0.248	1.00496249	0.797232096	2.046255456	0.6520272369
0.249	1.007003638	0.7978775991	2.036049714	0.6389897217
0.25	1.009034606	0.7985100972	2.025894874	0.6260172313
0.251	1.011055445	0.7991296551	2.015790681	0.6131094415
0.252	1.013066205	0.7997363375	2.005736883	0.6002660296
0.253	1.015066936	0.8003302085	1.995733229	0.5874866745
0.254	1.017057688	0.8009113321	1.985779468	0.5747710566
0.255	1.019038511	0.8014797718	1.975875352	0.5621188582
0.256	1.021009455	0.8020355908	1.966020632	0.5495297629
0.257	1.022970569	0.8025788522	1.956215063	0.5370034559
0.258	1.024921901	0.8031096186	1.9464584	0.5245396242
0.259	1.026863502	0.8036279522	1.936750398	0.5121379561
0.26	1.028795418	0.8041339151	1.927090815	0.4997981415
0.261	1.030717699	0.804627569	1.91747941	0.4875198721
0.262	1.032630393	0.8051089753	1.907915941	0.4753028408
0.263	1.034533547	0.805578195	1.898400171	0.4631467421
0.264	1.036427209	0.806035289	1.88893186	0.4510512723
0.265	1.038311427	0.8064803177	1.879510773	0.4390161289
0.266	1.040186246	0.8069133412	1.870136674	0.427041011
0.267	1.042051716	0.8073344196	1.860809329	0.4151256192
0.268	1.043907881	0.8077436123	1.851528504	0.4032696557
0.269	1.045754788	0.8081409786	1.842293967	0.3914728241
0.27	1.047592484	0.8085265775	1.833105487	0.3797348294
0.271	1.049421014	0.8089004678	1.823962835	0.3680553782
0.272	1.051240425	0.8092627077	1.814865783	0.3564341786
0.273	1.053050761	0.8096133555	1.805814102	0.3448709398
0.274	1.054852068	0.8099524688	1.796807567	0.333365373
0.275	1.056644391	0.8102801053	1.787845951	0.3219171905
0.276	1.058427775	0.8105963222	1.778929033	0.310526106
0.277	1.060202264	0.8109011765	1.770056587	0.2991918347
0.278	1.061967903	0.8111947247	1.761228393	0.2879140934
0.279	1.063724735	0.8114770234	1.75244423	0.2766926
0.28	1.065472806	0.8117481286	1.743703878	0.2655270741
0.281	1.067212158	0.8120080961	1.735007118	0.2544172365
0.282	1.068942834	0.8122569815	1.726353734	0.2433628094
0.283	1.07066488	0.8124948401	1.717743509	0.2323635165
0.284	1.072378336	0.8127217269	1.709176227	0.2214190828
0.285	1.074083246	0.8129376965	1.700651675	0.2105292347
0.286	1.075779653	0.8131428034	1.69216964	0.1996936999
0.287	1.0774676	0.8133371019	1.683729909	0.1889122076
0.288	1.079147127	0.8135206458	1.675332271	0.1781844882
0.289	1.080818278	0.8136934887	1.666976516	0.1675102736
0.29	1.082481094	0.8138556841	1.658662436	0.1568892968
0.291	1.084135617	0.814007285	1.650389823	0.1463212923
0.292	1.085781888	0.8141483442	1.642158469	0.135805996
0.293	1.087419947	0.8142789144	1.633968169	0.125343145
0.294	1.089049837	0.8143990479	1.625818719	0.1149324776
0.295	1.090671598	0.8145087967	1.617709915	0.1045737336
0.296	1.092285271	0.8146082126	1.609641553	0.09426665414
0.297	1.093890895	0.8146973471	1.601613432	0.08401098142
0.298	1.095488511	0.8147762516	1.593625352	0.07380645908
0.299	1.097078159	0.814844977	1.585677112	0.063652832
0.3	1.098659878	0.8149035742	1.577768514	0.05354984636
0.301	1.100233709	0.8149520935	1.569899361	0.04349724956
0.302	1.10179969	0.8149905854	1.562069455	0.0334947903
0.303	1.103357861	0.8150190997	1.554278601	0.02354221851
0.304	1.10490826	0.8150376864	1.546526605	0.01363928538
0.305	1.106450927	0.8150463948	1.538813271	0.003785743337
0.306	1.1079859	0.8150452742	1.531138408	-0.00601865396
0.307	1.109513217	0.8150343738	1.523501823	-0.01577415162
0.308	1.111032916	0.8150137421	1.515903326	-0.02548099354
0.309	1.112545036	0.8149834279	1.508342727	-0.03513942238
0.31	1.114049614	0.8149434793	1.500819836	-0.0447496796
0.311	1.115546688	0.8148939445	1.493334466	-0.05431200546
0.312	1.117036296	0.8148348712	1.485886429	-0.06382663903
0.313	1.118518473	0.8147663071	1.47847554	-0.07329381817
0.314	1.119993259	0.8146882993	1.471101612	-0.08271377955
0.315	1.121460689	0.8146008952	1.463764462	-0.09208675867
0.316	1.1229208	0.8145041414	1.456463906	-0.1014129899
0.317	1.124373629	0.8143980847	1.449199762	-0.1106927063
0.318	1.125819212	0.8142827714	1.441971848	-0.1199261399
0.319	1.127257585	0.8141582478	1.434779984	-0.1291135217
0.32	1.128688784	0.8140245596	1.427623989	-0.1382550811
0.321	1.130112844	0.8138817528	1.420503684	-0.1473510468
0.322	1.131529803	0.8137298727	1.413418893	-0.1564016462
0.323	1.132939694	0.8135689645	1.406369437	-0.1654071056
0.324	1.134342553	0.8133990734	1.39935514	-0.17436765
0.325	1.135738416	0.8132202441	1.392375827	-0.1832835036
0.326	1.137127317	0.8130325213	1.385431324	-0.1921548891
0.327	1.13850929	0.8128359491	1.378521456	-0.2009820284
0.328	1.139884371	0.8126305719	1.371646052	-0.2097651422
0.329	1.141252594	0.8124164334	1.364804938	-0.21850445
0.33	1.142613992	0.8121935775	1.357997945	-0.2272001704
0.331	1.143968601	0.8119620475	1.351224902	-0.2358525206
0.332	1.145316453	0.8117218868	1.34448564	-0.2444617171
0.333	1.146657583	0.8114731384	1.33777999	-0.253027975
0.334	1.147992024	0.8112158451	1.331107784	-0.2615515085
0.335	1.14931981	0.8109500496	1.324468857	-0.2700325308
0.336	1.150640973	0.8106757942	1.317863041	-0.2784712537
0.337	1.151955547	0.8103931211	1.311290171	-0.2868678884
0.338	1.153263564	0.8101020724	1.304750084	-0.2952226446
0.339	1.154565058	0.8098026897	1.298242616	-0.3035357314
0.34	1.155860061	0.8094950147	1.291767604	-0.3118073564
0.341	1.157148604	0.8091790887	1.285324886	-0.3200377266
0.342	1.158430721	0.8088549529	1.278914302	-0.3282270476
0.343	1.159706443	0.8085226483	1.27253569	-0.3363755242
0.344	1.160975803	0.8081822154	1.266188892	-0.3444833601
0.345	1.162238832	0.807833695	1.259873748	-0.352550758
0.346	1.163495561	0.8074771273	1.253590102	-0.3605779196
0.347	1.164746022	0.8071125525	1.247337795	-0.3685650455
0.348	1.165990247	0.8067400105	1.241116672	-0.3765123355
0.349	1.167228266	0.8063595411	1.234926577	-0.3844199882
0.35	1.16846011	0.8059711837	1.228767355	-0.3922882013
0.351	1.169685811	0.8055749777	1.222638852	-0.4001171716
0.352	1.170905398	0.8051709624	1.216540915	-0.4079070947
0.353	1.172118903	0.8047591765	1.210473392	-0.4156581654
0.354	1.173326355	0.8043396589	1.204436131	-0.4233705775
0.355	1.174527785	0.8039124482	1.19842898	-0.4310445237
0.356	1.175723223	0.8034775826	1.192451791	-0.438680196
0.357	1.176912699	0.8030351005	1.186504413	-0.4462777852
0.358	1.178096242	0.8025850397	1.180586697	-0.4538374813
0.359	1.179273882	0.8021274381	1.174698497	-0.4613594733
0.36	1.180445649	0.8016623333	1.168839664	-0.4688439491
0.361	1.181611571	0.8011897626	1.163010051	-0.476291096
0.362	1.182771678	0.8007097634	1.157209515	-0.4837011001
0.363	1.183926	0.8002223727	1.151437908	-0.4910741466
0.364	1.185074564	0.7997276274	1.145695087	-0.4984104199
0.365	1.186217399	0.7992255641	1.139980909	-0.5057101034
0.366	1.187354535	0.7987162193	1.134295231	-0.5129733795
0.367	1.188485999	0.7981996294	1.12863791	-0.52020043
0.368	1.18961182	0.7976758305	1.123008805	-0.5273914353
0.369	1.190732026	0.7971448585	1.117407775	-0.5345465754
0.37	1.191846645	0.7966067492	1.11183468	-0.541666029
0.371	1.192955705	0.7960615383	1.106289382	-0.5487499743
0.372	1.194059233	0.7955092611	1.100771741	-0.5557985882
0.373	1.195157258	0.7949499528	1.095281619	-0.562812047
0.374	1.196249806	0.7943836486	1.089818879	-0.569790526
0.375	1.197336904	0.7938103834	1.084383384	-0.5767341997
0.376	1.198418581	0.7932301918	1.078975	-0.5836432417
0.377	1.199494863	0.7926431084	1.073593589	-0.5905178247
0.378	1.200565778	0.7920491676	1.068239019	-0.5973581206
0.379	1.20163135	0.7914484035	1.062911155	-0.6041643004
0.38	1.202691609	0.7908408503	1.057609863	-0.6109365342
0.381	1.203746579	0.7902265417	1.052335012	-0.6176749914
0.382	1.204796287	0.7896055115	1.047086469	-0.6243798403
0.383	1.205840761	0.7889777932	1.041864104	-0.6310512487
0.384	1.206880024	0.7883434201	1.036667785	-0.6376893833
0.385	1.207914105	0.7877024254	1.031497383	-0.64429441
0.386	1.208943028	0.7870548422	1.026352768	-0.6508664941
0.387	1.209966819	0.7864007034	1.021233812	-0.6574057997
0.388	1.210985504	0.7857400415	1.016140387	-0.6639124904
0.389	1.211999108	0.7850728892	1.011072366	-0.6703867289
0.39	1.213007657	0.7843992788	1.006029622	-0.676828677
0.391	1.214011176	0.7837192426	1.001012028	-0.6832384957
0.392	1.215009689	0.7830328125	0.9960194595	-0.6896163453
0.393	1.216003223	0.7823400205	0.9910517918	-0.6959623852
0.394	1.216991801	0.7816408983	0.9861089003	-0.7022767742
0.395	1.217975449	0.7809354774	0.9811906617	-0.70855967
0.396	1.218954191	0.7802237894	0.9762969528	-0.7148112297
0.397	1.219928051	0.7795058654	0.9714276515	-0.7210316097
0.398	1.220897054	0.7787817365	0.9665826358	-0.7272209653
0.399	1.221861224	0.7780514337	0.9617617848	-0.7333794515
0.4	1.222820586	0.7773149878	0.9569649779	-0.739507222
0.401	1.223775162	0.7765724295	0.9521920952	-0.7456044302
0.402	1.224724978	0.7758237891	0.9474430173	-0.7516712284
0.403	1.225670056	0.7750690971	0.9427176255	-0.7577077683
0.404	1.226610421	0.7743083836	0.9380158018	-0.7637142009
0.405	1.227546096	0.7735416787	0.9333374284	-0.7696906762
0.406	1.228477104	0.7727690122	0.9286823886	-0.7756373438
0.407	1.229403468	0.7719904139	0.9240505659	-0.7815543522
0.408	1.230325212	0.7712059133	0.9194418444	-0.7874418495
0.409	1.23124236	0.77041554	0.9148561091	-0.7932999827
0.41	1.232154932	0.7696193231	0.9102932452	-0.7991288983
0.411	1.233062954	0.7688172919	0.9057531387	-0.8049287421
0.412	1.233966446	0.7680094753	0.9012356761	-0.8106996591
0.413	1.234865432	0.7671959021	0.8967407444	-0.8164417935
0.414	1.235759935	0.7663766012	0.8922682313	-0.8221552889
0.415	1.236649976	0.7655516011	0.8878180249	-0.8278402881
0.416	1.237535579	0.7647209301	0.883390014	-0.8334969333
0.417	1.238416764	0.7638846166	0.878984088	-0.8391253658
0.418	1.239293554	0.7630426887	0.8746001365	-0.8447257264
0.419	1.240165971	0.7621951744	0.8702380502	-0.8502981551
0.42	1.241034037	0.7613421017	0.8658977198	-0.8558427912
0.421	1.241897774	0.7604834981	0.8615790369	-0.8613597733
0.422	1.242757203	0.7596193913	0.8572818935	-0.8668492393
0.423	1.243612345	0.7587498087	0.8530061822	-0.8723113265
0.424	1.244463222	0.7578747777	0.8487517961	-0.8777461715
0.425	1.245309856	0.7569943254	0.8445186289	-0.88315391
0.426	1.246152266	0.7561084789	0.8403065747	-0.8885346773
0.427	1.246990476	0.755217265	0.8361155281	-0.8938886079
0.428	1.247824504	0.7543207106	0.8319453845	-0.8992158357
0.429	1.248654373	0.7534188422	0.8277960396	-0.9045164939
0.43	1.249480103	0.7525116864	0.8236673897	-0.9097907149
0.431	1.250301715	0.7515992695	0.8195593314	-0.9150386306
0.432	1.251119229	0.7506816179	0.8154717622	-0.9202603722
0.433	1.251932665	0.7497587575	0.8114045798	-0.9254560702
0.434	1.252742045	0.7488307144	0.8073576826	-0.9306258547
0.435	1.253547387	0.7478975144	0.8033309693	-0.9357698547
0.436	1.254348713	0.7469591832	0.7993243394	-0.9408881989
0.437	1.255146043	0.7460157465	0.7953376926	-0.9459810152
0.438	1.255939395	0.7450672296	0.7913709294	-0.9510484311
0.439	1.256728791	0.744113658	0.7874239504	-0.956090573
0.44	1.25751425	0.7431550569	0.783496657	-0.9611075672
0.441	1.258295791	0.7421914512	0.7795889512	-0.9660995391
0.442	1.259073434	0.7412228661	0.7757007351	-0.9710666133
0.443	1.259847199	0.7402493263	0.7718319115	-0.9760089142
0.444	1.260617105	0.7392708565	0.7679823838	-0.9809265653
0.445	1.26138317	0.7382874813	0.7641520557	-0.9858196895
0.446	1.262145415	0.7372992252	0.7603408314	-0.9906884091
0.447	1.262903858	0.7363061126	0.7565486157	-0.9955328458
0.448	1.263658519	0.7353081676	0.7527753137	-1.000353121
0.449	1.264409415	0.7343054144	0.7490208312	-1.005149355
0.45	1.265156566	0.7332978769	0.7452850742	-1.009921667
0.451	1.265899991	0.732285579	0.7415679494	-1.014670178
0.452	1.266639709	0.7312685444	0.7378693638	-1.019395005
0.453	1.267375736	0.7302467968	0.734189225	-1.024096267
0.454	1.268108093	0.7292203597	0.7305274409	-1.028774081
0.455	1.268836797	0.7281892564	0.7268839201	-1.033428565
0.456	1.269561867	0.7271535103	0.7232585715	-1.038059834
0.457	1.27028332	0.7261131445	0.7196513043	-1.042668005
0.458	1.271001176	0.7250681819	0.7160620284	-1.047253193
0.459	1.27171545	0.7240186457	0.7124906542	-1.051815511
0.46	1.272426163	0.7229645585	0.7089370922	-1.056355075
0.461	1.273133331	0.7219059431	0.7054012537	-1.060871998
0.462	1.273836971	0.720842822	0.7018830503	-1.065366393
0.463	1.274537103	0.7197752178	0.698382394	-1.069838372
0.464	1.275233742	0.7187031527	0.6948991972	-1.074288046
0.465	1.275926907	0.7176266491	0.691433373	-1.078715528
0.466	1.276616614	0.716545729	0.6879848347	-1.083120928
0.467	1.277302882	0.7154604145	0.684553496	-1.087504356
0.468	1.277985727	0.7143707276	0.6811392712	-1.091865921
0.469	1.278665166	0.71327669	0.6777420749	-1.096205733
0.47	1.279341217	0.7121783233	0.6743618222	-1.1005239
0.471	1.280013896	0.7110756493	0.6709984286	-1.10482053
0.472	1.280683219	0.7099686894	0.66765181	-1.10909573
0.473	1.281349205	0.708857465	0.6643218827	-1.113349608
0.474	1.282011869	0.7077419973	0.6610085635	-1.117582269
0.475	1.282671227	0.7066223075	0.6577117695	-1.12179382
0.476	1.283327298	0.7054984166	0.6544314184	-1.125984366
0.477	1.283980096	0.7043703457	0.6511674281	-1.130154011
0.478	1.284629638	0.7032381156	0.647919717	-1.134302861
0.479	1.285275941	0.7021017469	0.6446882039	-1.138431017
0.48	1.28591902	0.7009612604	0.6414728081	-1.142538585
0.481	1.286558892	0.6998166766	0.6382734491	-1.146625666
0.482	1.287195572	0.6986680158	0.635090047	-1.150692362
0.483	1.287829077	0.6975152986	0.6319225221	-1.154738776
0.484	1.288459422	0.696358545	0.6287707954	-1.158765008
0.485	1.289086624	0.6951977753	0.625634788	-1.162771159
0.486	1.289710697	0.6940330094	0.6225144215	-1.16675733
0.487	1.290331658	0.6928642672	0.6194096178	-1.170723619
0.488	1.290949521	0.6916915687	0.6163202995	-1.174670126
0.489	1.291564303	0.6905149335	0.6132463892	-1.178596951
0.49	1.292176019	0.6893343813	0.61018781	-1.18250419
0.491	1.292784684	0.6881499317	0.6071444856	-1.186391941
0.492	1.293390313	0.6869616039	0.6041163399	-1.190260303
0.493	1.293992922	0.6857694175	0.6011032971	-1.19410937
0.494	1.294592525	0.6845733916	0.5981052819	-1.197939241
0.495	1.295189137	0.6833735454	0.5951222193	-1.20175001
0.496	1.295782774	0.6821698979	0.5921540349	-1.205541772
0.497	1.29637345	0.6809624681	0.5892006543	-1.209314624
0.498	1.296961181	0.6797512749	0.5862620038	-1.213068658
0.499	1.297545979	0.6785363371	0.5833380098	-1.216803968
0.5	1.298127861	0.6773176732	0.5804285994	-1.220520649
0.501	1.298706841	0.6760953019	0.5775336997	-1.224218793
0.502	1.299282934	0.6748692418	0.5746532383	-1.227898492
0.503	1.299856153	0.6736395111	0.5717871433	-1.231559838
0.504	1.300426513	0.6724061282	0.5689353431	-1.235202924
0.505	1.300994028	0.6711691113	0.5660977662	-1.238827839
0.506	1.301558713	0.6699284785	0.5632743418	-1.242434675
0.507	1.302120581	0.6686842479	0.5604649993	-1.246023523
0.508	1.302679648	0.6674364374	0.5576696685	-1.24959447
0.509	1.303235925	0.6661850649	0.5548882794	-1.253147607
0.51	1.303789429	0.6649301481	0.5521207626	-1.256683024
0.511	1.304340172	0.6636717048	0.5493670488	-1.260200807
0.512	1.304888167	0.6624097524	0.5466270692	-1.263701045
0.513	1.30543343	0.6611443085	0.5439007553	-1.267183825
0.514	1.305975974	0.6598753905	0.541188039	-1.270649235
0.515	1.306515811	0.6586030158	0.5384888524	-1.274097362
0.516	1.307052956	0.6573272015	0.535803128	-1.27752829
0.517	1.307587422	0.6560479649	0.5331307988	-1.280942107
0.518	1.308119222	0.654765323	0.5304717978	-1.284338898
0.519	1.30864837	0.6534792927	0.5278260587	-1.287718747
0.52	1.309174878	0.6521898911	0.5251935152	-1.291081738
0.521	1.309698761	0.6508971349	0.5225741016	-1.294427957
0.522	1.310220031	0.6496010408	0.5199677524	-1.297757487
0.523	1.310738701	0.6483016254	0.5173744024	-1.30107041
0.524	1.311254784	0.6469989054	0.5147939868	-1.30436681
0.525	1.311768293	0.6456928973	0.5122264411	-1.307646769
0.526	1.312279241	0.6443836174	0.5096717011	-1.31091037
0.527	1.312787641	0.643071082	0.5071297029	-1.314157693
0.528	1.313293505	0.6417553074	0.5046003829	-1.31738882
0.529	1.313796846	0.6404363097	0.502083678	-1.320603831
0.53	1.314297676	0.6391141051	0.4995795252	-1.323802808
0.531	1.314796009	0.6377887094	0.497087862	-1.32698583
0.532	1.315291856	0.6364601387	0.4946086259	-1.330152976
0.533	1.31578523	0.6351284087	0.4921417551	-1.333304326
0.534	1.316276144	0.6337935353	0.4896871878	-1.336439959
0.535	1.316764609	0.632455534	0.4872448628	-1.339559953
0.536	1.317250638	0.6311144206	0.4848147189	-1.342664386
0.537	1.317734242	0.6297702104	0.4823966954	-1.345753335
0.538	1.318215435	0.628422919	0.4799907319	-1.348826878
0.539	1.318694228	0.6270725618	0.4775967681	-1.351885092
0.54	1.319170632	0.6257191539	0.4752147443	-1.354928052
0.541	1.319644661	0.6243627107	0.4728446009	-1.357955836
0.542	1.320116326	0.6230032473	0.4704862786	-1.360968519
0.543	1.320585638	0.6216407787	0.4681397185	-1.363966176
0.544	1.321052609	0.6202753199	0.4658048619	-1.366948882
0.545	1.321517251	0.6189068859	0.4634816504	-1.369916712
0.546	1.321979576	0.6175354914	0.4611700261	-1.37286974
0.547	1.322439595	0.6161611513	0.458869931	-1.375808039
0.548	1.32289732	0.6147838802	0.4565813076	-1.378731684
0.549	1.323352762	0.6134036928	0.4543040989	-1.381640747
0.55	1.323805932	0.6120206036	0.4520382477	-1.384535301
0.551	1.324256842	0.610634627	0.4497836976	-1.387415418
0.552	1.324705503	0.6092457775	0.447540392	-1.39028117
0.553	1.325151926	0.6078540694	0.445308275	-1.39313263
0.554	1.325596123	0.606459517	0.4430872907	-1.395969868
0.555	1.326038105	0.6050621344	0.4408773836	-1.398792955
0.556	1.326477882	0.6036619358	0.4386784985	-1.401601962
0.557	1.326915465	0.6022589352	0.4364905804	-1.404396959
0.558	1.327350866	0.6008531465	0.4343135745	-1.407178015
0.559	1.327784096	0.5994445838	0.4321474265	-1.409945202
0.56	1.328215165	0.5980332607	0.4299920822	-1.412698586
0.561	1.328644084	0.5966191912	0.4278474878	-1.415438239
0.562	1.329070863	0.5952023888	0.4257135895	-1.418164227
0.563	1.329495514	0.5937828672	0.4235903341	-1.420876619
0.564	1.329918048	0.5923606401	0.4214776685	-1.423575483
0.565	1.330338473	0.5909357208	0.4193755399	-1.426260887
0.566	1.330756802	0.5895081228	0.4172838957	-1.428932897
0.567	1.331173045	0.5880778594	0.4152026835	-1.43159158
0.568	1.331587211	0.586644944	0.4131318515	-1.434237003
0.569	1.331999312	0.5852093898	0.4110713478	-1.436869232
0.57	1.332409357	0.5837712099	0.4090211209	-1.439488332
0.571	1.332817357	0.5823304175	0.4069811196	-1.44209437
0.572	1.333223323	0.5808870255	0.4049512928	-1.44468741
0.573	1.333627263	0.579441047	0.4029315898	-1.447267518
0.574	1.334029189	0.5779924948	0.4009219601	-1.449834757
0.575	1.334429111	0.5765413817	0.3989223535	-1.452389192
0.576	1.334827037	0.5750877206	0.3969327199	-1.454930886
0.577	1.335222979	0.5736315242	0.3949530097	-1.457459904
0.578	1.335616947	0.572172805	0.3929831734	-1.459976308
0.579	1.336008949	0.5707115758	0.3910231616	-1.462480162
0.58	1.336398996	0.5692478489	0.3890729255	-1.464971527
0.581	1.336787098	0.5677816368	0.3871324161	-1.467450467
0.582	1.337173264	0.5663129521	0.3852015852	-1.469917043
0.583	1.337557504	0.5648418069	0.3832803842	-1.472371317
0.584	1.337939828	0.5633682135	0.3813687654	-1.47481335
0.585	1.338320245	0.5618921842	0.3794666807	-1.477243204
0.586	1.338698765	0.5604137311	0.3775740827	-1.479660939
0.587	1.339075396	0.5589328664	0.3756909241	-1.482066615
0.588	1.33945015	0.5574496019	0.3738171578	-1.484460292
0.589	1.339823034	0.5559639498	0.371952737	-1.486842032
0.59	1.340194058	0.5544759218	0.370097615	-1.489211892
0.591	1.340563232	0.5529855299	0.3682517454	-1.491569932
0.592	1.340930565	0.5514927859	0.3664150822	-1.493916212
0.593	1.341296065	0.5499977014	0.3645875793	-1.49625079
0.594	1.341659743	0.5485002882	0.3627691912	-1.498573724
0.595	1.342021607	0.5470005578	0.3609598723	-1.500885072
0.596	1.342381666	0.5454985219	0.3591595774	-1.503184892
0.597	1.342739929	0.5439941918	0.3573682616	-1.505473242
0.598	1.343096405	0.5424875792	0.3555858799	-1.507750179
0.599	1.343451104	0.5409786953	0.3538123879	-1.510015759
0.6	1.343804033	0.5394675514	0.3520477413	-1.51227004
0.601	1.344155202	0.5379541589	0.3502918959	-1.514513078
0.602	1.34450462	0.536438529	0.3485448077	-1.516744928
0.603	1.344852295	0.5349206728	0.3468064333	-1.518965647
0.604	1.345198236	0.5334006014	0.345076729	-1.52117529
0.605	1.345542451	0.5318783259	0.3433556516	-1.523373912
0.606	1.34588495	0.5303538572	0.3416431581	-1.525561569
0.607	1.34622574	0.5288272064	0.3399392058	-1.527738315
0.608	1.346564831	0.5272983842	0.3382437519	-1.529904204
0.609	1.34690223	0.5257674016	0.3365567542	-1.532059291
0.61	1.347237947	0.5242342692	0.3348781704	-1.534203629
0.611	1.34757199	0.5226989979	0.3332079585	-1.536337272
0.612	1.347904366	0.5211615982	0.3315460769	-1.538460274
0.613	1.348235085	0.5196220809	0.3298924839	-1.540572687
0.614	1.348564154	0.5180804564	0.3282471383	-1.542674565
0.615	1.348891582	0.5165367352	0.3266099989	-1.544765959
0.616	1.349217376	0.5149909279	0.3249810247	-1.546846922
0.617	1.349541546	0.5134430448	0.3233601751	-1.548917507
0.618	1.349864099	0.5118930963	0.3217474095	-1.550977765
0.619	1.350185044	0.5103410927	0.3201426876	-1.553027747
0.62	1.350504387	0.5087870443	0.3185459693	-1.555067504
0.621	1.350822138	0.5072309611	0.3169572146	-1.557097088
0.622	1.351138305	0.5056728535	0.3153763839	-1.55911655
0.623	1.351452894	0.5041127314	0.3138034376	-1.56112594
0.624	1.351765914	0.5025506049	0.3122383365	-1.563125307
0.625	1.352077373	0.5009864841	0.3106810413	-1.565114703
0.626	1.352387279	0.4994203788	0.3091315131	-1.567094177
0.627	1.352695639	0.497852299	0.3075897132	-1.569063778
0.628	1.353002461	0.4962822545	0.3060556032	-1.571023556
0.629	1.353307752	0.4947102552	0.3045291445	-1.572973559
0.63	1.353611522	0.4931363107	0.303010299	-1.574913836
0.631	1.353913776	0.4915604307	0.3014990288	-1.576844436
0.632	1.354214522	0.489982625	0.2999952962	-1.578765408
0.633	1.354513769	0.4884029031	0.2984990634	-1.580676798
0.634	1.354811523	0.4868212746	0.2970102931	-1.582578656
0.635	1.355107792	0.485237749	0.2955289481	-1.584471028
0.636	1.355402583	0.4836523357	0.2940549913	-1.586353961
0.637	1.355695904	0.4820650442	0.2925883859	-1.588227504
0.638	1.355987762	0.4804758838	0.2911290953	-1.590091702
0.639	1.356278165	0.4788848639	0.2896770828	-1.591946602
0.64	1.356567119	0.4772919937	0.2882323124	-1.593792251
0.641	1.356854632	0.4756972824	0.2867947477	-1.595628695
0.642	1.357140711	0.4741007393	0.2853643529	-1.597455979
0.643	1.357425363	0.4725023735	0.2839410923	-1.59927415
0.644	1.357708595	0.470902194	0.2825249302	-1.601083253
0.645	1.357990415	0.46930021	0.2811158312	-1.602883333
0.646	1.358270829	0.4676964304	0.2797137601	-1.604674435
0.647	1.358549845	0.4660908641	0.2783186819	-1.606456603
0.648	1.358827469	0.4644835201	0.2769305617	-1.608229884
0.649	1.359103708	0.4628744073	0.2755493648	-1.609994319
0.65	1.35937857	0.4612635344	0.2741750566	-1.611749955
0.651	1.359652061	0.4596509103	0.2728076028	-1.613496834
0.652	1.359924187	0.4580365437	0.2714469692	-1.615235001
0.653	1.360194957	0.4564204432	0.2700931218	-1.616964499
0.654	1.360464376	0.4548026175	0.2687460267	-1.618685371
0.655	1.360732451	0.4531830753	0.2674056503	-1.620397659
0.656	1.36099919	0.4515618251	0.2660719591	-1.622101408
0.657	1.361264597	0.4499388753	0.2647449197	-1.623796659
0.658	1.361528682	0.4483142346	0.2634244989	-1.625483456
0.659	1.361791449	0.4466879112	0.2621106637	-1.627161839
0.66	1.362052905	0.4450599137	0.2608033813	-1.628831851
0.661	1.362313058	0.4434302503	0.259502619	-1.630493534
0.662	1.362571912	0.4417989294	0.2582083443	-1.63214693
0.663	1.362829476	0.4401659592	0.2569205248	-1.633792079
0.664	1.363085756	0.4385313479	0.2556391283	-1.635429023
0.665	1.363340757	0.4368951039	0.2543641229	-1.637057802
0.666	1.363594486	0.435257235	0.2530954765	-1.638678458
0.667	1.36384695	0.4336177496	0.2518331576	-1.640291031
0.668	1.364098154	0.4319766557	0.2505771345	-1.641895561
0.669	1.364348106	0.4303339612	0.2493273758	-1.643492089
0.67	1.364596811	0.4286896741	0.2480838503	-1.645080654
0.671	1.364844276	0.4270438025	0.2468465269	-1.646661295
0.672	1.365090506	0.4253963542	0.2456153748	-1.648234054
0.673	1.365335509	0.423747337	0.244390363	-1.649798968
0.674	1.365579289	0.4220967588	0.2431714609	-1.651356077
0.675	1.365821854	0.4204446275	0.2419586382	-1.65290542
0.676	1.366063208	0.4187909506	0.2407518645	-1.654447036
0.677	1.366303359	0.4171357359	0.2395511095	-1.655980963
0.678	1.366542313	0.4154789912	0.2383563434	-1.657507239
0.679	1.366780074	0.413820724	0.2371675362	-1.659025903
0.68	1.36701665	0.4121609419	0.2359846582	-1.660536993
0.681	1.367252045	0.4104996525	0.2348076798	-1.662040546
0.682	1.367486267	0.4088368633	0.2336365716	-1.6635366
0.683	1.36771932	0.4071725818	0.2324713043	-1.665025192
0.684	1.367951212	0.4055068154	0.2313118488	-1.66650636
0.685	1.368181946	0.4038395716	0.2301581762	-1.667980141
0.686	1.36841153	0.4021708576	0.2290102575	-1.669446571
0.687	1.368639969	0.4005006809	0.2278680641	-1.670905687
0.688	1.368867268	0.3988290486	0.2267315674	-1.672357526
0.689	1.369093434	0.3971559682	0.2256007389	-1.673802124
0.69	1.369318471	0.3954814468	0.2244755506	-1.675239517
0.691	1.369542387	0.3938054916	0.2233559741	-1.676669741
0.692	1.369765185	0.3921281097	0.2222419815	-1.678092831
0.693	1.369986872	0.3904493083	0.221133545	-1.679508824
0.694	1.370207454	0.3887690944	0.2200306369	-1.680917755
0.695	1.370426935	0.3870874751	0.2189332295	-1.682319658
0.696	1.370645322	0.3854044574	0.2178412954	-1.68371457
0.697	1.37086262	0.3837200483	0.2167548074	-1.685102524
0.698	1.371078834	0.3820342547	0.2156737383	-1.686483556
0.699	1.371293969	0.3803470835	0.2145980611	-1.6878577
0.7	1.371508032	0.3786585416	0.2135277488	-1.689224991
0.701	1.371721026	0.3769686358	0.2124627747	-1.690585462
0.702	1.371932959	0.3752773729	0.2114031122	-1.691939147
0.703	1.372143834	0.3735847597	0.2103487348	-1.693286081
0.704	1.372353658	0.371890803	0.2092996161	-1.694626298
0.705	1.372562435	0.3701955094	0.2082557299	-1.69595983
0.706	1.372770171	0.3684988855	0.2072170501	-1.697286711
0.707	1.372976871	0.3668009381	0.2061835507	-1.698606974
0.708	1.37318254	0.3651016738	0.205155206	-1.699920652
0.709	1.373387183	0.363401099	0.2041319901	-1.701227778
0.71	1.373590806	0.3616992204	0.2031138776	-1.702528385
0.711	1.373793413	0.3599960444	0.2021008429	-1.703822505
0.712	1.373995009	0.3582915775	0.2010928607	-1.705110171
0.713	1.3741956	0.3565858262	0.2000899059	-1.706391414
0.714	1.374395191	0.3548787968	0.1990919533	-1.707666267
0.715	1.374593786	0.3531704958	0.1980989781	-1.708934762
0.716	1.37479139	0.3514609294	0.1971109553	-1.71019693
0.717	1.374988009	0.349750104	0.1961278603	-1.711452803
0.718	1.375183648	0.3480380259	0.1951496685	-1.712702412
0.719	1.37537831	0.3463247013	0.1941763555	-1.713945789
0.72	1.375572002	0.3446101364	0.1932078969	-1.715182965
0.721	1.375764728	0.3428943374	0.1922442685	-1.71641397
0.722	1.375956492	0.3411773105	0.1912854462	-1.717638835
0.723	1.3761473	0.3394590618	0.190331406	-1.718857592
0.724	1.376337156	0.3377395973	0.1893821242	-1.72007027
0.725	1.376526066	0.3360189233	0.1884375769	-1.721276899
0.726	1.376714033	0.3342970456	0.1874977406	-1.722477511
0.727	1.376901063	0.3325739702	0.1865625917	-1.723672134
0.728	1.37708716	0.3308497033	0.1856321069	-1.724860799
0.729	1.377272329	0.3291242506	0.1847062629	-1.726043536
0.73	1.377456574	0.3273976182	0.1837850366	-1.727220374
0.731	1.3776399	0.3256698118	0.1828684049	-1.728391342
0.732	1.377822312	0.3239408374	0.1819563449	-1.72955647
0.733	1.378003815	0.3222107008	0.1810488338	-1.730715787
0.734	1.378184412	0.3204794078	0.180145849	-1.731869322
0.735	1.378364108	0.3187469641	0.1792473678	-1.733017103
0.736	1.378542908	0.3170133755	0.1783533679	-1.73415916
0.737	1.378720816	0.3152786477	0.1774638267	-1.735295521
0.738	1.378897837	0.3135427863	0.1765787222	-1.736426215
0.739	1.379073975	0.3118057971	0.1756980322	-1.737551268
0.74	1.379249234	0.3100676857	0.1748217346	-1.738670711
0.741	1.37942362	0.3083284576	0.1739498075	-1.739784571
0.742	1.379597135	0.3065881184	0.1730822292	-1.740892875
0.743	1.379769786	0.3048466737	0.172218978	-1.741995651
0.744	1.379941575	0.3031041289	0.1713600323	-1.743092927
0.745	1.380112507	0.3013604896	0.1705053706	-1.744184731
0.746	1.380282587	0.2996157613	0.1696549715	-1.745271089
0.747	1.380451819	0.2978699492	0.1688088138	-1.746352029
0.748	1.380620206	0.296123059	0.1679668763	-1.747427578
0.749	1.380787754	0.2943750959	0.167129138	-1.748497762
0.75	1.380954466	0.2926260653	0.166295578	-1.749562609
0.751	1.381120346	0.2908759724	0.1654661753	-1.750622145
0.752	1.381285399	0.2891248227	0.1646409093	-1.751676396
0.753	1.381449629	0.2873726214	0.1638197593	-1.75272539
0.754	1.38161304	0.2856193737	0.1630027049	-1.753769151
0.755	1.381775636	0.2838650848	0.1621897255	-1.754807707
0.756	1.381937421	0.28210976	0.1613808009	-1.755841083
0.757	1.382098399	0.2803534044	0.1605759108	-1.756869305
0.758	1.382258574	0.2785960231	0.1597750351	-1.757892398
0.759	1.382417951	0.2768376213	0.1589781538	-1.758910389
0.76	1.382576532	0.275078204	0.1581852469	-1.759923303
0.761	1.382734322	0.2733177764	0.1573962947	-1.760931165
0.762	1.382891326	0.2715563434	0.1566112774	-1.761934
0.763	1.383047546	0.26979391	0.1558301754	-1.762931833
0.764	1.383202987	0.2680304814	0.1550529692	-1.76392469
0.765	1.383357653	0.2662660623	0.1542796393	-1.764912594
0.766	1.383511548	0.2645006578	0.1535101663	-1.765895572
0.767	1.383664675	0.2627342728	0.1527445312	-1.766873647
0.768	1.383817038	0.2609669121	0.1519827147	-1.767846844
0.769	1.383968642	0.2591985807	0.1512246977	-1.768815186
0.77	1.384119489	0.2574292834	0.1504704614	-1.7697787
0.771	1.384269584	0.2556590249	0.1497199868	-1.770737407
0.772	1.38441893	0.2538878102	0.1489732553	-1.771691334
0.773	1.384567532	0.2521156438	0.1482302481	-1.772640502
0.774	1.384715392	0.2503425307	0.1474909466	-1.773584937
0.775	1.384862515	0.2485684755	0.1467553325	-1.774524661
0.776	1.385008904	0.246793483	0.1460233872	-1.775459698
0.777	1.385154563	0.2450175577	0.1452950925	-1.776390071
0.778	1.385299495	0.2432407044	0.1445704302	-1.777315805
0.779	1.385443705	0.2414629276	0.1438493822	-1.778236921
0.78	1.385587195	0.2396842321	0.1431319304	-1.779153443
0.781	1.38572997	0.2379046223	0.1424180569	-1.780065394
0.782	1.385872033	0.2361241028	0.1417077439	-1.780972797
0.783	1.386013387	0.2343426782	0.1410009736	-1.781875674
0.784	1.386154036	0.2325603529	0.1402977283	-1.782774048
0.785	1.386293983	0.2307771316	0.1395979904	-1.783667941
0.786	1.386433233	0.2289930185	0.1389017426	-1.784557376
0.787	1.386571788	0.2272080183	0.1382089672	-1.785442374
0.788	1.386709652	0.2254221353	0.1375196471	-1.786322959
0.789	1.386846828	0.2236353739	0.136833765	-1.787199152
0.79	1.386983321	0.2218477384	0.1361513038	-1.788070975
0.791	1.387119132	0.2200592334	0.1354722463	-1.78893845
0.792	1.387254266	0.218269863	0.1347965757	-1.789801598
0.793	1.387388726	0.2164796316	0.1341242749	-1.790660441
0.794	1.387522516	0.2146885435	0.1334553273	-1.791515
0.795	1.387655638	0.212896603	0.1327897161	-1.792365298
0.796	1.387788096	0.2111038143	0.1321274246	-1.793211355
0.797	1.387919894	0.2093101817	0.1314684364	-1.794053191
0.798	1.388051034	0.2075157093	0.1308127348	-1.79489083
0.799	1.388181521	0.2057204014	0.1301603036	-1.79572429
0.8	1.388311356	0.2039242622	0.1295111263	-1.796553594
0.801	1.388440544	0.2021272956	0.1288651869	-1.797378761
0.802	1.388569088	0.200329506	0.1282224691	-1.798199813
0.803	1.38869699	0.1985308974	0.1275829569	-1.79901677
0.804	1.388824254	0.1967314738	0.1269466342	-1.799829652
0.805	1.388950884	0.1949312394	0.1263134852	-1.80063848
0.806	1.389076883	0.1931301982	0.1256834941	-1.801443274
0.807	1.389202252	0.1913283542	0.1250566451	-1.802244054
0.808	1.389326997	0.1895257114	0.1244329224	-1.80304084
0.809	1.389451119	0.1877222739	0.1238123106	-1.803833652
0.81	1.389574622	0.1859180454	0.1231947942	-1.80462251
0.811	1.38969751	0.1841130301	0.1225803576	-1.805407434
0.812	1.389819784	0.1823072319	0.1219689855	-1.806188442
0.813	1.389941449	0.1805006546	0.1213606626	-1.806965556
0.814	1.390062507	0.1786933021	0.1207553738	-1.807738793
0.815	1.390182961	0.1768851783	0.1201531039	-1.808508174
0.816	1.390302814	0.175076287	0.1195538378	-1.809273718
0.817	1.390422069	0.1732666321	0.1189575605	-1.810035443
0.818	1.39054073	0.1714562174	0.1183642572	-1.81079337
0.819	1.390658799	0.1696450466	0.117773913	-1.811547516
0.82	1.390776279	0.1678331236	0.1171865132	-1.812297901
0.821	1.390893173	0.1660204521	0.116602043	-1.813044543
0.822	1.391009484	0.1642070357	0.1160204879	-1.813787462
0.823	1.391125215	0.1623928784	0.1154418333	-1.814526675
0.824	1.391240368	0.1605779836	0.1148660647	-1.815262201
0.825	1.391354948	0.1587623552	0.1142931678	-1.815994059
0.826	1.391468956	0.1569459967	0.1137231283	-1.816722267
0.827	1.391582395	0.1551289119	0.1131559318	-1.817446842
0.828	1.391695268	0.1533111042	0.1125915643	-1.818167804
0.829	1.391807579	0.1514925775	0.1120300115	-1.81888517
0.83	1.391919329	0.1496733351	0.1114712595	-1.819598958
0.831	1.392030522	0.1478533807	0.1109152942	-1.820309187
0.832	1.392141161	0.1460327179	0.1103621019	-1.821015872
0.833	1.392251248	0.1442113502	0.1098116686	-1.821719034
0.834	1.392360785	0.142389281	0.1092639806	-1.822418688
0.835	1.392469776	0.1405665139	0.1087190243	-1.823114853
0.836	1.392578224	0.1387430525	0.1081767859	-1.823807545
0.837	1.392686131	0.1369189	0.1076372519	-1.824496783
0.838	1.3927935	0.13509406	0.1071004089	-1.825182583
0.839	1.392900333	0.133268536	0.1065662434	-1.825864963
0.84	1.393006633	0.1314423313	0.106034742	-1.826543939
0.841	1.393112403	0.1296154492	0.1055058915	-1.827219529
0.842	1.393217646	0.1277878933	0.1049796787	-1.827891749
0.843	1.393322363	0.1259596669	0.1044560904	-1.828560617
0.844	1.393426559	0.1241307732	0.1039351134	-1.829226149
0.845	1.393530234	0.1223012157	0.1034167349	-1.829888361
0.846	1.393633393	0.1204709976	0.1029009418	-1.830547271
0.847	1.393736037	0.1186401222	0.1023877212	-1.831202894
0.848	1.393838169	0.1168085929	0.1018770603	-1.831855247
0.849	1.393939792	0.1149764128	0.1013689463	-1.832504347
0.85	1.394040908	0.1131435853	0.1008633666	-1.833150209
0.851	1.39414152	0.1113101135	0.1003603085	-1.83379285
0.852	1.394241629	0.1094760006	0.09985975934	-1.834432286
0.853	1.39434124	0.10764125	0.09936170671	-1.835068533
0.854	1.394440354	0.1058058646	0.09886613813	-1.835701606
0.855	1.394538973	0.1039698478	0.09837304121	-1.836331522
0.856	1.394637101	0.1021332026	0.09788240362	-1.836958296
0.857	1.394734739	0.1002959322	0.0973942131	-1.837581944
0.858	1.39483189	0.09845803977	0.09690845743	-1.838202482
0.859	1.394928556	0.09661952831	0.09642512448	-1.838819924
0.86	1.395024741	0.09478040095	0.09594420217	-1.839434288
0.861	1.395120446	0.09294066076	0.09546567847	-1.840045587
0.862	1.395215673	0.09110031079	0.09498954141	-1.840653837
0.863	1.395310426	0.0892593541	0.09451577909	-1.841259053
0.864	1.395404705	0.08741779369	0.09404437968	-1.841861251
0.865	1.395498515	0.08557563259	0.09357533138	-1.842460446
0.866	1.395591857	0.0837328738	0.09310862247	-1.843056652
0.867	1.395684733	0.08188952028	0.09264424127	-1.843649884
0.868	1.395777146	0.08004557501	0.09218217619	-1.844240158
0.869	1.395869098	0.07820104095	0.09172241567	-1.844827488
0.87	1.395960592	0.07635592102	0.09126494821	-1.845411888
0.871	1.396051629	0.07451021814	0.09080976239	-1.845993374
0.872	1.396142212	0.07266393524	0.09035684681	-1.846571959
0.873	1.396232343	0.07081707519	0.08990619015	-1.847147659
0.874	1.396322025	0.06896964087	0.08945778116	-1.847720487
0.875	1.39641126	0.06712163516	0.08901160861	-1.848290459
0.876	1.396500049	0.06527306091	0.08856766136	-1.848857587
0.877	1.396588396	0.06342392093	0.08812592831	-1.849421888
0.878	1.396676302	0.06157421807	0.08768639841	-1.849983373
0.879	1.396763769	0.05972395512	0.08724906067	-1.850542058
0.88	1.3968508	0.05787313488	0.08681390417	-1.851097957
0.881	1.396937398	0.05602176013	0.08638091801	-1.851651084
0.882	1.397023563	0.05416983363	0.08595009139	-1.852201451
0.883	1.397109299	0.05231735814	0.08552141352	-1.852749074
0.884	1.397194607	0.0504643364	0.08509487369	-1.853293965
0.885	1.397279489	0.04861077112	0.08467046124	-1.853836138
0.886	1.397363948	0.04675666502	0.08424816555	-1.854375608
0.887	1.397447986	0.0449020208	0.08382797607	-1.854912387
0.888	1.397531605	0.04304684114	0.0834098823	-1.855446489
0.889	1.397614807	0.04119112871	0.08299387377	-1.855977926
0.89	1.397697593	0.03933488617	0.0825799401	-1.856506714
0.891	1.397779967	0.03747811616	0.08216807093	-1.857032864
0.892	1.39786193	0.03562082132	0.08175825597	-1.857556389
0.893	1.397943484	0.03376300425	0.08135048496	-1.858077304
0.894	1.398024632	0.03190466757	0.08094474773	-1.858595621
0.895	1.398105374	0.03004581387	0.08054103411	-1.859111352
0.896	1.398185715	0.02818644573	0.08013933403	-1.859624512
0.897	1.398265654	0.0263265657	0.07973963743	-1.860135111
0.898	1.398345194	0.02446617635	0.07934193433	-1.860643165
0.899	1.398424338	0.02260528022	0.07894621478	-1.861148684
0.9	1.398503088	0.02074387983	0.0785524689	-1.861651682
0.901	1.398581444	0.01888197769	0.07816068682	-1.862152171
0.902	1.39865941	0.01701957632	0.07777085877	-1.862650164
0.903	1.398736986	0.01515667819	0.07738297499	-1.863145674
0.904	1.398814176	0.01329328579	0.0769970258	-1.863638712
0.905	1.398890981	0.01142940159	0.07661300153	-1.864129291
0.906	1.398967403	0.009565028026	0.07623089259	-1.864617423
0.907	1.399043443	0.007700167552	0.07585068943	-1.865103121
0.908	1.399119105	0.005834822592	0.07547238253	-1.865586396
0.909	1.399194389	0.003968995564	0.07509596246	-1.866067261
