0	-0.1496325833	0	0	0	0.9396926228	0.3420201377
0.01	-0.1493376167	0.009390750784	0.003420201377	0.05897391492	0.9378402331	0.3420201377
0.02	-0.1484538801	0.01874447812	0.006840402755	0.1177153226	0.9322903669	0.3420201377
0.03	-0.1469848575	0.02802430452	0.01026060413	0.1759926324	0.9230649049	0.3420201377
0.04	-0.1449363406	0.03719364388	0.01368080551	0.2335760835	0.910200219	0.3420201377
0.05	-0.1423164058	0.04621634565	0.01710100689	0.2902386507	0.8937470285	0.3420201377
0.06	-0.1391353823	0.05505683745	0.02052120826	0.3457569392	0.8737702011	0.3420201377
0.07	-0.1354058115	0.06368026524	0.02394140964	0.3999120657	0.8503484963	0.3420201377
0.08	-0.1311423973	0.07205263078	0.02736161102	0.4524905213	0.823574255	0.3420201377
0.09	-0.1263619484	0.08014092566	0.0307818124	0.5032850131	0.793553036	0.3420201377
0.1	-0.121083312	0.0879132614	0.03420201377	0.5520952816	0.7604031992	0.3420201377
0.11	-0.1153272993	0.09533899525	0.03762221515	0.5987288902	0.7242554394	0.3420201377
0.12	-0.1091166036	0.1023888509	0.04104241653	0.6430019837	0.6852522706	0.3420201377
0.13	-0.1024757109	0.109035034	0.0444626179	0.6847400136	0.6435474645	0.3420201377
0.14	-0.09543080323	0.1152513417	0.04788281928	0.7237784259	0.5993054443	0.3420201377
0.15	-0.08800965541	0.1210132659	0.05130302066	0.7599633099	0.5527006359	0.3420201377
0.16	-0.08024152564	0.12629809	0.05472322204	0.7931520051	0.503916781	0.3420201377
0.17	-0.07215704013	0.1310849783	0.05814342341	0.8232136636	0.453146212	0.3420201377
0.18	-0.06378807231	0.1353550583	0.06156362479	0.850029766	0.4005890941	0.3420201377
0.19	-0.05516761721	0.139091495	0.06498382617	0.8734945886	0.3464526361	0.3420201377
0.2	-0.04632966135	0.1422795574	0.06840402755	0.8935156204	0.2909502733	0.3420201377
0.21	-0.03730904876	0.1449066764	0.07182422892	0.9100139275	0.2343008262	0.3420201377
0.22	-0.02814134361	0.1469624944	0.0752444303	0.9229244646	0.1767276379	0.3420201377
0.23	-0.01886268997	0.1484389063	0.07866463168	0.9321963314	0.118457693	0.3420201377
0.24	-0.009509669339	0.1493300913	0.08208483306	0.9377929732	0.05972072345	0.3420201377
0.25	-0.0001191564228	0.1496325358	0.08550503443	0.9396923249	0.0007483023354	0.3420201377
0.26	0.009271826273	0.1493450475	0.08892523581	0.9378868982	-0.058227069	0.3420201377
0.27	0.01862625439	0.1484687597	0.09234543719	0.9323838112	-0.1169728775	0.3420201377
0.28	0.02790724767	0.1470071274	0.09576563856	0.9232047599	-0.1752575154	0.3420201377
0.29	0.0370782154	0.1449659129	0.09918583994	0.9103859332	-0.2328511927	0.3420201377
0.3	0.04610300064	0.142353164	0.1026060413	0.89397787	-0.289526844	0.3420201377
0.31	0.05494602277	0.1391791815	0.1060262427	0.8740452596	-0.345061023	0.3420201377
0.32	0.06357241778	0.1354564789	0.1094464441	0.8506666873	-0.3992347837	0.3420201377
0.33	0.07194817574	0.1311997331	0.1128666455	0.8239343242	-0.4518345437	0.3420201377
0.34	0.08004027485	0.1264257267	0.1162868468	0.7939535637	-0.5026529261	0.3420201377
0.35	0.08781681165	0.1211532813	0.1197070482	0.7608426064	-0.5514895772	0.3420201377
0.36	0.09524712681	0.1154031837	0.1231272496	0.7247319935	-0.5981519564	0.3420201377
0.37	0.102301926	0.109198104	0.126547451	0.685764093	-0.6424560952	0.3420201377
0.38	0.1089533953	0.1025625059	0.1299676523	0.6440925372	-0.6842273225	0.3420201377
0.39	0.1151753111	0.09552255069	0.1333878537	0.5998816184	-0.7233009535	0.3420201377
0.4	0.1209431431	0.0881059936	0.1368080551	0.5533056398	-0.7595229387	0.3420201377
0.41	0.1262341515	0.08034207474	0.1402282565	0.5045482294	-0.7927504712	0.3420201377
0.42	0.1310274761	0.07226140372	0.1436484578	0.4538016154	-0.8228525501	0.3420201377
0.43	0.1353042192	0.06389583893	0.1470686592	0.4012658685	-0.8497104967	0.3420201377
0.44	0.1390475195	0.05527836199	0.1504888606	0.3471481133	-0.8732184222	0.3420201377
0.45	0.1422426187	0.04644294767	0.153909062	0.2916617114	-0.8932836456	0.3420201377
0.46	0.1448769202	0.03742442999	0.1573292634	0.2350254203	-0.9098270589	0.3420201377
0.47	0.1469400381	0.02825836484	0.1607494647	0.1774625312	-0.9227834391	0.3420201377
0.48	0.1484238384	0.01898088985	0.1641696661	0.1191999883	-0.9321017048	0.3420201377
0.49	0.1493224711	0.009628581865	0.1675898675	0.06046749411	-0.9377451186	0.3420201377
0.5	0.1496323935	0.0002383127701	0.1710100689	0.001496604196	-0.939691431	0.3420201377
0.51	0.1493523835	-0.009152895883	0.1744302702	-0.05748018615	-0.9379329686	0.3420201377
0.52	0.1484835452	-0.01850801884	0.1778504716	-0.1162303583	-0.9324766642	0.3420201377
0.53	0.147029304	-0.02779017312	0.181270673	-0.1745222872	-0.9233440294	0.3420201377
0.54	0.1449953933	-0.03696276342	0.1846908744	-0.2321261543	-0.9105710702	0.3420201377
0.55	0.1423898319	-0.0459896264	0.1881110758	-0.2888148538	-0.8942081445	0.3420201377
0.56	0.1392228923	-0.05483517325	0.1915312771	-0.344364888	-0.8743197638	0.3420201377
0.57	0.1355070603	-0.06346453001	0.1949514785	-0.3985572485	-0.8509843389	0.3420201377
0.58	0.1312569858	-0.07184367508	0.1983716799	-0.4511782795	-0.8242938708	0.3420201377
0.59	0.1264894248	-0.07993957329	0.2017918813	-0.5020205203	-0.7943535879	0.3420201377
0.6	0.1212231737	-0.08772030622	0.2052120826	-0.550883523	-0.761281531	0.3420201377
0.61	0.1154789949	-0.09515519797	0.208632284	-0.5975746433	-0.7252080881	0.3420201377
0.62	0.1092795351	-0.1022149362	0.2120524854	-0.6419097992	-0.6862754805	0.3420201377
0.63	0.1026492359	-0.1088716875	0.2154726868	-0.6837141975	-0.6446372015	0.3420201377
0.64	0.09561423758	-0.1150992074	0.2188928881	-0.7228230224	-0.600457412	0.3420201377
0.65	0.08820227592	-0.1208729436	0.2223130895	-0.7590820858	-0.5539102928	0.3420201377
0.66	0.08044257289	-0.1261701329	0.2257332909	-0.7923484346	-0.5051793578	0.3420201377
0.67	0.07236572149	-0.1309698909	0.2291534923	-0.8224909149	-0.4544567309	0.3420201377
0.68	0.06400356504	-0.1352532944	0.2325736937	-0.8493906885	-0.4019423884	0.3420201377
0.69	0.05538907172	-0.1390034557	0.235993895	-0.872941702	-0.3478433704	0.3420201377
0.7	0.04655620454	-0.1422055899	0.2394140964	-0.8930511044	-0.2923729645	0.3420201377
0.71	0.03753978749	-0.1448470722	0.2428342978	-0.9096396134	-0.2357498654	0.3420201377
0.72	0.02837536816	-0.1469174886	0.2462544992	-0.9226418283	-0.1781973121	0.3420201377
0.73	0.0190990777	-0.1484086763	0.2496747005	-0.9320064872	-0.119942208	0.3420201377
0.74	0.009747488284	-0.1493147563	0.2530949019	-0.9376966694	-0.06121422642	0.3420201377
0.75	0.0003574689663	-0.1496321563	0.2565151033	-0.9396899413	-0.002244905108	0.3420201377
0.76	-0.009033959689	-0.1493596249	0.2599353047	-0.9379784442	0.05673326684	0.3420201377
0.77	-0.01838977156	-0.1484982366	0.2633555061	-0.9325689258	0.1154877654	0.3420201377
0.78	-0.02767308095	-0.1470513875	0.2667757074	-0.9234827134	0.1737869483	0.3420201377
0.79	-0.03684728799	-0.1450247818	0.2701959088	-0.9107556297	0.2314009686	0.3420201377
0.8	-0.04587622299	-0.1424264095	0.2736161102	-0.8944378519	0.2881026804	0.3420201377
0.81	-0.05472428895	-0.1392665149	0.2770363116	-0.8745937135	0.3436685346	0.3420201377
0.82	-0.063356602	-0.1355575559	0.2804565129	-0.8513014509	0.3978794606	0.3420201377
0.83	-0.07173912885	-0.1313141552	0.2838767143	-0.8246528948	0.4505217292	0.3420201377
0.84	-0.07983882104	-0.1265530427	0.2872969157	-0.7947531084	0.5013877961	0.3420201377
0.85	-0.08762374515	-0.1212929893	0.2907171171	-0.7617199729	0.5502771196	0.3420201377
0.86	-0.0950632088	-0.1155547329	0.2941373184	-0.7256837228	0.5969969512	0.3420201377
0.87	-0.1021278816	-0.1093608969	0.2975575198	-0.6867864328	0.6413630962	0.3420201377
0.88	-0.1087899106	-0.1027359008	0.3009777212	-0.645181457	0.6832006389	0.3420201377
0.89	-0.1150230307	-0.09570586384	0.3043979226	-0.6010328249	0.722344633	0.3420201377
0.9	-0.1208026674	-0.0882985023	0.307818124	-0.5545145945	0.7586407515	0.3420201377
0.91	-0.1261060343	-0.08054302004	0.3112383253	-0.5058101658	0.7919458956	0.3420201377
0.92	-0.1309122226	-0.07246999337	0.3146585267	-0.4551115583	0.8221287581	0.3420201377
0.93	-0.1352022837	-0.06411125056	0.3180787281	-0.4026186535	0.8490703418	0.3420201377
0.94	-0.1389593039	-0.05549974632	0.3214989295	-0.3485384069	0.8726644282	0.3420201377
0.95	-0.1421684708	-0.04666943189	0.3249191308	-0.2930840323	0.8928179968	0.3420201377
0.96	-0.1448171323	-0.03765512118	0.3283393322	-0.236474161	0.9094515911	0.3420201377
0.97	-0.1468948459	-0.02849235349	0.3317595336	-0.1789319799	0.9224996325	0.3420201377
0.98	-0.1483934201	-0.01921725344	0.335179735	-0.1206843516	0.9319106785	0.3420201377
0.99	-0.1493069468	-0.009866388522	0.3385999364	-0.06196091992	0.9376476256	0.3420201377
1	-0.1496318242	-0.0004766249357	0.3420201377	-0.002993204596	0.9396878557	0.3420201377
1.01	-0.1493667715	0.008915017765	0.3454403391	0.05598631157	0.938023325	0.3420201377
1.02	-0.1485128338	0.01827151262	0.3488605405	0.1147450992	0.9326605961	0.3420201377
1.03	-0.1470733777	0.02755597123	0.3522807419	0.1730514993	0.9236208118	0.3420201377
1.04	-0.1450540783	0.0367317892	0.3557009432	0.2306756362	0.9109396117	0.3420201377
1.05	-0.1424628968	0.04576279049	0.3591211446	0.2873903243	0.8946669922	0.3420201377
1.06	-0.1393100491	0.05461336996	0.362541346	0.3429719633	0.8748671086	0.3420201377
1.07	-0.1356079654	0.06324863381	0.3659615474	0.3972014203	0.851618023	0.3420201377
1.08	-0.1313712414	0.07163453714	0.3693817487	0.4498648932	0.8250113958	0.3420201377
1.09	-0.1266165804	0.07973801815	0.3728019501	0.500754754	0.7951521249	0.3420201377
1.1	-0.121362728	0.08752712852	0.3762221515	0.5496703671	0.7621579317	0.3420201377
1.11	-0.1156303977	0.09497115933	0.3796423529	0.5964188806	0.7261588974	0.3420201377
1.12	-0.1094421894	0.1020407622	0.3830625543	0.6408159864	0.6872969496	0.3420201377
1.13	-0.1028225005	0.1087080648	0.3864827556	0.682686647	0.6457253034	0.3420201377
1.14	-0.09579742941	0.1149467811	0.389902957	0.7218657854	0.6016078567	0.3420201377
1.15	-0.0883946727	0.1207323147	0.3933231584	0.7581989362	0.5551185445	0.3420201377
1.16	-0.0806434161	0.1260418558	0.3967433598	0.7915428543	0.5064406531	0.3420201377
1.17	-0.07257421929	0.1308544713	0.4001635611	0.8217660799	0.4557660971	0.3420201377
1.18	-0.06421889542	0.1351511873	0.4035837625	0.8487494566	0.4032946632	0.3420201377
1.19	-0.05561038573	0.1389150639	0.4070039639	0.8723866011	0.3492332224	0.3420201377
1.2	-0.04678262965	0.1421312616	0.4104241653	0.8925843231	0.2937949142	0.3420201377
1.21	-0.03777043099	0.1447871006	0.4138443667	0.9092629921	0.2371983066	0.3420201377
1.22	-0.02860932074	0.1468721101	0.417264568	0.9223568517	0.1796665343	0.3420201377
1.23	-0.01933541699	0.1483780699	0.4206847694	0.9318142788	0.1214264187	0.3420201377
1.24	-0.009985282504	0.1492990425	0.4241049708	0.9375979872	0.06270757412	0.3420201377
1.25	-0.000595780603	0.1496313972	0.4275251722	0.9396851742	0.003741502187	0.3420201377
1.26	0.008796070189	0.1493738234	0.4309453735	0.938067611	-0.05523932079	0.3420201377
1.27	0.01815324209	0.1485273368	0.4343655749	0.932751675	-0.1140023603	0.3420201377
1.28	0.02743884403	0.1470952746	0.4377857763	0.9237583245	-0.1723159405	0.3420201377
1.29	0.03661626712	0.1450832828	0.4412059777	0.9111230161	-0.2299501575	0.3420201377
1.3	0.04564932897	0.1424992938	0.444626179	0.8948955651	-0.2866777859	0.3420201377
1.31	0.05450241633	0.1393534951	0.4480463804	0.875139949	-0.3422751745	0.3420201377
1.32	0.06314062551	0.135658289	0.4514665818	0.8519340551	-0.3965231282	0.3420201377
1.33	0.0715299	0.1314282442	0.4548867832	0.8253693737	-0.449207772	0.3420201377
1.34	0.07963716471	0.1266800378	0.4583069846	0.7955506372	-0.5001213944	0.3420201377
1.35	0.08743045639	0.1214323897	0.4617271859	0.7625954073	-0.5490632661	0.3420201377
1.36	0.09487904965	0.1157059891	0.4651473873	0.7266336114	-0.5958404318	0.3420201377
1.37	0.1019535781	0.1095234125	0.4685675887	0.6878070306	-0.6402684703	0.3420201377
1.38	0.10862615	0.1029090351	0.4719877901	0.6462687402	-0.6821722222	0.3420201377
1.39	0.1148704586	0.09588893422	0.4754079914	0.6021825069	-0.7213864801	0.3420201377
1.4	0.1206618854	0.08849078704	0.4788281928	0.5557221426	-0.7577566401	0.3420201377
1.41	0.1259775973	0.08074376103	0.4822483942	0.5070708193	-0.7911393111	0.3420201377
1.42	0.130796637	0.07267839919	0.4856685956	0.4564203469	-0.8214028806	0.3420201377
1.43	0.1351000053	0.06432649956	0.489088797	0.4039704172	-0.8484280331	0.3420201377
1.44	0.1388707358	0.05572098987	0.4925089983	0.3499278164	-0.8721082207	0.3420201377
1.45	0.1420939623	0.04689579773	0.4959291997	0.2945056098	-0.8923500833	0.3420201377
1.46	0.1447569771	0.03788571685	0.4993494011	0.2379223018	-0.9090738164	0.3420201377
1.47	0.1468492812	0.02872626985	0.5027696025	0.1804009747	-0.922213486	0.3420201377
1.48	0.1483626255	0.01945356828	0.5061898038	0.1221684088	-0.9317172883	0.3420201377
1.49	0.1492910437	0.01010417015	0.5096100052	0.06345418856	-0.9375477542	0.3420201377
1.5	0.1496308753	0.0007149358924	0.5130302066	0.004489797404	-0.9396818968	0.3420201377
1.51	0.1493807806	-0.008677117034	0.516450408	-0.05449229498	-0.9381113021	0.3420201377
1.52	0.1485417456	-0.01803496005	0.5198706094	-0.1132595491	-0.9328421624	0.3420201377
1.53	0.1471170782	-0.02732169943	0.5232908107	-0.1715802724	-0.9238952514	0.3420201377
1.54	0.1451123953	-0.03650072182	0.5267110121	-0.229224533	-0.9113058427	0.3420201377
1.55	0.1425356004	-0.0455358385	0.5301312135	-0.2859650658	-0.8951235705	0.3420201377
1.56	0.1393968526	-0.05439142813	0.5335514149	-0.3415781687	-0.8754122344	0.3420201377
1.57	0.1357085266	-0.06303257717	0.5369716162	-0.3958445846	-0.8522495469	0.3420201377
1.58	0.1314851637	-0.0714252175	0.5403918176	-0.4485503659	-0.8257268281	0.3420201377
1.59	0.1267434148	-0.07953626076	0.543812019	-0.4994877176	-0.7959486449	0.3420201377
1.6	0.1215019744	-0.08733372881	0.5472322204	-0.5484558169	-0.7630323992	0.3420201377
1.61	0.1157815071	-0.09478687979	0.5506524217	-0.5952616051	-0.7271078647	0.3420201377
1.62	0.1096045661	-0.1018663293	0.5540726231	-0.6397205482	-0.6883166754	0.3420201377
1.63	0.1029955043	-0.1085441664	0.5574928245	-0.6816573649	-0.6468117673	0.3420201377
1.64	0.09598037824	-0.1147940633	0.5609130259	-0.7209067174	-0.6027567753	0.3420201377
1.65	0.08858684526	-0.1205913795	0.5643332273	-0.7573138635	-0.5563253882	0.3420201377
1.66	0.08084405475	-0.125913259	0.5677534286	-0.7907352663	-0.5077006638	0.3420201377
1.67	0.072782533	-0.1307387198	0.57117363	-0.8210391605	-0.4570743072	0.3420201377
1.68	0.0644340629	-0.1350487375	0.5745938314	-0.8481060717	-0.404645915	0.3420201377
1.69	0.05583155868	-0.1388263196	0.5780140328	-0.8718292874	-0.3506221885	0.3420201377
1.7	0.04700893608	-0.1420565729	0.5814342341	-0.8921152777	-0.2952161186	0.3420201377
1.71	0.03800097868	-0.1447267618	0.5848544355	-0.9088840643	-0.2386461461	0.3420201377
1.72	0.02884320075	-0.1468263591	0.5882746369	-0.9220695355	-0.1811353007	0.3420201377
1.73	0.01957170723	-0.1483470871	0.5916948383	-0.9316197069	-0.1229103214	0.3420201377
1.74	0.0102230514	-0.1492829501	0.5951150397	-0.9374969266	-0.06420076276	0.3420201377
1.75	0.0008340907284	-0.1496302585	0.598535241	-0.9396780235	-0.005238089775	0.3420201377
1.76	-0.008558158378	-0.149387643	0.6019554424	-0.9381543984	0.05374523461	0.3420201377
1.77	-0.01791666657	-0.1485560602	0.6053756438	-0.9329320582	0.112516666	0.3420201377
1.78	-0.02720453751	-0.1471387886	0.6087958452	-0.9240315924	0.1708444956	0.3420201377
1.79	-0.03638515337	-0.1451414158	0.6122160465	-0.9114880913	0.2284987631	0.3420201377
1.8	-0.04542231916	-0.1425718166	0.6156362479	-0.8953510083	0.2852521643	0.3420201377
1.81	-0.05428040545	-0.1394401218	0.6190564493	-0.8756839646	0.3408809462	0.3420201377
1.82	-0.06292448886	-0.1357586781	0.6224766507	-0.8525644983	0.39516579	0.3420201377
1.83	-0.0713204897	-0.1315419998	0.625896852	-0.8260837589	0.4478926753	0.3420201377
1.84	-0.07943530637	-0.1268067115	0.6293170534	-0.796346148	0.498853724	0.3420201377
1.85	-0.08723694585	-0.1215714821	0.6327372548	-0.7634689073	0.54784802	0.3420201377
1.86	-0.09469464983	-0.1158569517	0.6361574562	-0.7275816568	0.594682401	0.3420201377
1.87	-0.101779016	-0.1096856503	0.6395776576	-0.6888258837	0.6391722204	0.3420201377
1.88	-0.1084621139	-0.1030819083	0.6429978589	-0.6473543842	0.6811420753	0.3420201377
1.89	-0.1147175951	-0.09607176138	0.6464180603	-0.6033306615	0.7204264975	0.3420201377
1.9	-0.1205207972	-0.08868284731	0.6498382617	-0.5569282811	0.7568706066	0.3420201377
1.91	-0.1258488408	-0.08094429721	0.6532584631	-0.5083301865	0.79033072	0.3420201377
1.92	-0.1306807197	-0.07288662066	0.6566786644	-0.4577279777	0.8206749197	0.3420201377
1.93	-0.1349973841	-0.06454158539	0.6600988658	-0.4053211563	0.8477835724	0.3420201377
1.94	-0.1387818155	-0.05594209209	0.6635190672	-0.3513163383	0.8715498011	0.3420201377
1.95	-0.1420190934	-0.04712204462	0.6669392686	-0.2959264402	0.8918799064	0.3420201377
1.96	-0.1446964547	-0.03811621642	0.67035947	-0.2393698391	0.9086937358	0.3420201377
1.97	-0.146803344	-0.02896011336	0.6737796713	-0.1818695119	0.9219250002	0.3420201377
1.98	-0.1483314546	-0.01968983377	0.6771998727	-0.1236521561	0.9315215347	0.3420201377
1.99	-0.1492747619	-0.01034192615	0.6806200741	-0.06494729625	0.9374455046	0.3420201377
2	-0.1496295469	-0.0009532450356	0.6840402755	-0.005986378823	0.9396735543	0.3420201377
2.01	-0.1493944108	0.008439194294	0.6874604768	0.05299814016	0.9381968997	0.3420201377
2.02	-0.1485702806	0.01779836173	0.6908806782	0.1117737117	0.9330213624	0.3420201377
2.03	-0.1471604056	0.02708735834	0.6943008796	0.1701086104	0.9241673474	0.3420201377
2.04	-0.1451703443	0.03626956184	0.697721081	0.2277728484	0.911669762	0.3420201377
2.05	-0.1426079424	0.04530877101	0.7011412823	0.2845390819	0.8955778784	0.3420201377
2.06	-0.1394833025	0.05416934835	0.7045614837	0.3401835076	0.8759551396	0.3420201377
2.07	-0.1358087435	0.06281636065	0.7079816851	0.3944867449	0.8528789091	0.3420201377
2.08	-0.1315987525	0.07121571668	0.7114018865	0.4472347007	0.8264401659	0.3420201377
2.09	-0.1268699277	0.07933430161	0.7148220879	0.4982194141	0.796743146	0.3420201377
2.1	-0.1216409126	0.08714010757	0.7182422892	0.5472398756	0.7639049312	0.3420201377
2.11	-0.1159323229	0.09460235982	0.7216624906	0.5941028197	0.7280549876	0.3420201377
2.12	-0.1097666648	0.1016916381	0.725082692	0.6386234873	0.6893346552	0.3420201377
2.13	-0.1031682469	0.1083799926	0.7285028934	0.6806263537	0.6478965905	0.3420201377
2.14	-0.09616308361	0.1146410543	0.7319230947	0.7199458208	0.603904165	0.3420201377
2.15	-0.08877879312	0.1204501385	0.7353432961	0.7564268697	0.5575308208	0.3420201377
2.16	-0.08104448834	0.1257843427	0.7387634975	0.7899256725	0.5089593868	0.3420201377
2.17	-0.07299066209	0.1306226367	0.7421836989	0.8203101585	0.4583813579	0.3420201377
2.18	-0.06464906695	0.1349459452	0.7456039003	0.8474605356	0.4059961404	0.3420201377
2.19	-0.05605259002	0.1387372233	0.7490241016	0.8712697622	0.3520102653	0.3420201377
2.2	-0.04723512328	0.1419815238	0.752444303	0.8916439694	0.2966365742	0.3420201377
2.21	-0.03823142999	0.1446660559	0.7558645044	0.9085028311	0.2400933803	0.3420201377
2.22	-0.0290770076	0.1467802357	0.7592847058	0.9217798804	0.1826036077	0.3420201377
2.23	-0.01980794783	0.148315728	0.7627049071	0.9314227719	0.1243939124	0.3420201377
2.24	-0.01046079436	0.149266479	0.7661251085	0.9373934881	0.06569378855	0.3420201377
2.25	-0.001072398738	0.1496287403	0.7695453099	0.9396684892	0.006734664076	0.3420201377
2.26	0.008320224858	0.1494010838	0.7729655113	0.938238806	-0.05225101211	0.3420201377
2.27	0.0176800456	0.1485844068	0.7763857126	0.933110075	-0.1110306864	0.3420201377
2.28	0.02697016199	0.1471819294	0.779805914	0.9243025164	-0.1693726173	0.3420201377
2.29	0.03615394732	0.1451991807	0.7832261154	0.9118508545	-0.2270467892	0.3420201377
2.3	0.04519519413	0.1426439778	0.7866463168	0.8958041805	-0.2838258191	0.3420201377
2.31	0.05405825689	0.1395263948	0.7900665182	0.876225759	-0.3394858533	0.3420201377
2.32	0.0627081926	0.1358587228	0.7934867195	0.853192779	-0.3938074495	0.3420201377
2.33	0.0711108985	0.1316554218	0.7969069209	0.8267960488	-0.4465764426	0.3420201377
2.34	0.07923324655	0.1269330635	0.8003271223	0.7971396388	-0.4975847883	0.3420201377
2.35	0.08704321404	0.121710266	0.8037473237	0.7643404708	-0.5466313842	0.3420201377
2.36	0.09451000982	0.1160076205	0.807167525	0.7285278567	-0.5935228617	0.3420201377
2.37	0.1016041957	0.1098476098	0.8105877264	0.6898429896	-0.6380743492	0.3420201377
2.38	0.1082978026	0.1032545201	0.8140079278	0.648438386	-0.6801102005	0.3420201377
2.39	0.1145644407	0.09625434485	0.8174281292	0.6044772857	-0.7194646875	0.3420201377
2.4	0.1203794034	0.08887468264	0.8208483306	0.558133007	-0.7559826532	0.3420201377
2.41	0.125719765	0.08114462807	0.8242685319	0.5095882643	-0.789520124	0.3420201377
2.42	0.1305644709	0.07309465725	0.8276887333	0.4590344475	-0.819944877	0.3420201377
2.43	0.1348944206	0.06475650751	0.8311089347	0.4066708672	-0.8471369613	0.3420201377
2.44	0.1386925431	0.0561630524	0.8345291361	0.3527039691	-0.8709891708	0.3420201377
2.45	0.1419438642	0.04734817198	0.8379493374	0.29734652	-0.8914074671	0.3420201377
2.46	0.1446355653	0.03834661931	0.8413695388	0.2408167693	-0.9083113503	0.3420201377
2.47	0.1467570344	0.0291938834	0.8447897402	0.1833375878	-0.921634176	0.3420201377
2.48	0.1482999074	0.01992604933	0.8482099416	0.1251355898	-0.9313234183	0.3420201377
2.49	0.1492581015	0.01057965592	0.8516301429	0.06644023919	-0.9373408772	0.3420201377
2.5	0.1496278389	0.001191551761	0.8550503443	0.007482945058	-0.9396628283	0.3420201377
2.51	0.149407662	-0.008201250146	0.8584705457	-0.05150385092	-0.9382801174	0.3420201377
2.52	0.1485984388	-0.01756171826	0.8618907471	-0.1102875907	-0.9331981958	0.3420201377
2.53	0.1472033598	-0.02685294853	0.8653109485	-0.1686365168	-0.9244370993	0.3420201377
2.54	0.145227925	-0.03603830987	0.8687311498	-0.226320586	-0.9120313688	0.3420201377
2.55	0.1426799227	-0.04508158859	0.8721513512	-0.2831123763	-0.8960299145	0.3420201377
2.56	0.1395693985	-0.05394713116	0.8755715526	-0.3387879837	-0.8764958229	0.3420201377
2.57	0.1359086159	-0.06259998479	0.878991754	-0.3931279045	-0.8535061078	0.3420201377
2.58	0.1317120075	-0.07100603522	0.8824119553	-0.4459179012	-0.8271514074	0.3420201377
2.59	0.1269961188	-0.07913214124	0.8858321567	-0.496949847	-0.7975356262	0.3420201377
2.6	0.1217795423	-0.0869462653	0.8892523581	-0.5460225461	-0.7647755256	0.3420201377
2.61	0.1160828446	-0.09441759989	0.8926725595	-0.5929425273	-0.7290002639	0.3420201377
2.62	0.1099284851	-0.1015166889	0.8960927609	-0.6375248065	-0.6903508865	0.3420201377
2.63	0.1033407278	-0.108215544	0.8995129622	-0.6795936161	-0.6489797704	0.3420201377
2.64	0.09634554505	-0.1144877544	0.9029331636	-0.7189830979	-0.6050500229	0.3420201377
2.65	0.08897051579	-0.1203085919	0.906353365	-0.7555379573	-0.5587348392	0.3420201377
2.66	0.08124471635	-0.1256551075	0.9097735664	-0.789114075	-0.5102168187	0.3420201377
2.67	0.07319860604	-0.1305062222	0.9131937677	-0.8195790757	-0.459687246	0.3420201377
2.68	0.06486390701	-0.1348428105	0.9166139691	-0.8468128498	-0.407345336	0.3420201377
2.69	0.05627347917	-0.138647775	0.9200341705	-0.870708027	-0.3533974492	0.3420201377
2.7	0.04746119066	-0.1419061146	0.9234543719	-0.8911703995	-0.2980562773	0.3420201377
2.71	0.03846178431	-0.144604983	0.9268745732	-0.9081192934	-0.2415400055	0.3420201377
2.72	0.02931074069	-0.14673374	0.9302947746	-0.9214878871	-0.1840714515	0.3420201377
2.73	0.02004413819	-0.1482839927	0.933714976	-0.9312234742	-0.1258771878	0.3420201377
2.74	0.01069851078	-0.1492496293	0.9371351774	-0.9372876718	-0.06718664771	0.3420201377
2.75	0.001310704028	-0.1496268426	0.9405553788	-0.9396565715	-0.008231221295	0.3420201377
2.76	-0.008082270234	-0.1494141455	0.9439755801	-0.9383208338	0.05075665707	0.3420201377
2.77	-0.01744337979	-0.1486123766	0.9473957815	-0.9332857249	0.1095444251	0.3420201377
2.78	-0.02673571805	-0.1472246968	0.9508159829	-0.924571096	0.1679003094	0.3420201377
2.79	-0.03592264957	-0.1452565772	0.9542361843	-0.9122113048	0.2255942393	0.3420201377
2.8	-0.04496795446	-0.1427157771	0.9576563856	-0.8962550804	0.282398754	0.3420201377
2.81	-0.05383597121	-0.1396123138	0.961076587	-0.8767653309	0.3380898992	0.3420201377
2.82	-0.06249173728	-0.1359584228	0.9644967884	-0.8538188955	0.3924481101	0.3420201377
2.83	-0.07090112692	-0.1317685098	0.9679169898	-0.8275062415	0.445259077	0.3420201377
2.84	-0.07903098575	-0.1270590936	0.9713371912	-0.7979311077	0.4963145905	0.3420201377
2.85	-0.08684926143	-0.1218487413	0.9747573925	-0.7652100954	0.5454133618	0.3420201377
2.86	-0.09432513008	-0.116157995	0.9781775939	-0.7294722087	0.5923618169	0.3420201377
2.87	-0.1014291178	-0.1100092907	0.9815977953	-0.6908583456	0.6369748595	0.3420201377
2.88	-0.1081332167	-0.1034268699	0.9850179967	-0.6495207431	0.6790766007	0.3420201377
2.89	-0.1144109956	-0.09643668416	0.988438198	-0.6056223765	0.7185010525	0.3420201377
2.9	-0.1202377042	-0.08906629253	0.9918583994	-0.5593363171	0.7550927822	0.3420201377
2.91	-0.1255903703	-0.08134475311	0.9952786008	-0.5108450495	0.7887075255	0.3420201377
2.92	-0.1304478909	-0.07330250843	0.9986988022	-0.4603397529	0.8192127546	0.3420201377
2.93	-0.1347911149	-0.06497126538	1.002119004	-0.4080195466	0.8464882013	0.3420201377
2.94	-0.138602919	-0.05638387025	1.005539205	-0.3540907052	0.8704263311	0.3420201377
2.95	-0.141868275	-0.04757417924	1.008959406	-0.2987658456	0.8909327668	0.3420201377
2.96	-0.144574309	-0.03857692493	1.012379608	-0.2422630886	0.9079266608	0.3420201377
2.97	-0.1467103525	-0.02942757939	1.015799809	-0.1848051986	0.9213410139	0.3420201377
2.98	-0.148267984	-0.02016221433	1.01922001	-0.126618706	0.9311229396	0.3420201377
2.99	-0.1492410624	-0.01081735886	1.022640212	-0.06793301361	0.9372338721	0.3420201377
3	-0.1496257514	-0.001429855464	1.026060413	-0.008979492312	0.9396497188	0.3420201377
3.01	-0.1494205343	0.007963285196	1.029480615	0.05000943103	0.9383609552	0.3420201377
3.02	-0.1486262201	0.01732503025	1.032900816	0.10880119	0.9333726621	0.3420201377
3.03	-0.1472459405	0.02661847062	1.036321017	0.1671639955	0.9247045063	0.3420201377
3.04	-0.1452851373	0.03580696649	1.039741219	0.2248677495	0.9123906623	0.3420201377
3.05	-0.1427515411	0.04485429182	1.04316142	0.2816849526	0.8964796779	0.3420201377
3.06	-0.1396551406	0.05372477713	1.046581621	0.3373916004	0.8770342829	0.3420201377
3.07	-0.1360081436	0.06238345014	1.050001823	0.3917680669	0.8541311417	0.3420201377
3.08	-0.1318249285	0.07079617365	1.053422024	0.4445999705	0.8278605508	0.3420201377
3.09	-0.1271219878	0.07892978014	1.056842226	0.4956790193	0.7983260833	0.3420201377
3.1	-0.1219178631	0.08675220249	1.060262427	0.5448038316	0.76564418	0.3420201377
3.11	-0.1162330718	0.09423260046	1.063682628	0.5917807309	0.7299436909	0.3420201377
3.12	-0.1100900265	0.1013414823	1.06710283	0.6364245086	0.6913653667	0.3420201377
3.13	-0.1035129465	0.1080508208	1.070523031	0.6785591547	0.650061304	0.3420201377
3.14	-0.09652776212	0.1143341642	1.073943232	0.7180185514	0.6061943461	0.3420201377
3.15	-0.08916201278	0.1201667402	1.077363434	0.7546471284	0.5599374403	0.3420201377
3.16	-0.08144473829	0.1255255535	1.080783635	0.7883004758	0.5114729564	0.3420201377
3.17	-0.07340636432	0.1303894768	1.084203837	0.818845914	0.460991968	0.3420201377
3.18	-0.06507858254	0.1347393338	1.087624038	0.8461630161	0.4086934984	0.3420201377
3.19	-0.05649422558	0.138557975	1.091044239	0.8701440832	0.3547837367	0.3420201377
3.2	-0.04768713765	0.1418303454	1.094464441	0.890694569	0.2994752244	0.3420201377
3.21	-0.03869204108	0.1445435434	1.097884642	0.9077334523	0.242986018	0.3420201377
3.22	-0.02954439944	0.1466868721	1.101304843	0.9211935565	0.1855388285	0.3420201377
3.23	-0.0202802777	0.1482518813	1.104725045	0.9310218145	0.1273601439	0.3420201377
3.24	-0.01093620007	0.149232401	1.108145246	0.9371794781	0.06867933644	0.3420201377
3.25	-0.001549005993	0.1496245653	1.111565448	0.9396422703	0.009727757634	0.3420201377
3.26	0.007844295109	0.1494268283	1.114985649	0.9384004815	-0.04926217328	0.3420201377
3.27	0.01720666973	0.1486399693	1.11840585	0.9334590075	-0.1080578859	0.3420201377
3.28	0.0265012063	0.1472670908	1.121826052	0.9248373303	-0.1664275756	0.3420201377
3.29	0.0356912607	0.1453136053	1.125246253	0.9125694412	-0.2241411172	0.3420201377
3.3	0.04474060073	0.1427872145	1.128666455	0.8967037069	-0.2809709726	0.3420201377
3.31	0.05361354898	0.1396978788	1.132086656	0.8773026788	-0.3366930876	0.3420201377
3.32	0.06227512344	0.1360577781	1.135506857	0.8544428462	-0.3910877752	0.3420201377
3.33	0.07069117549	0.1318812636	1.138927059	0.8282143351	-0.4439405821	0.3420201377
3.34	0.07882852448	0.1271848014	1.14234726	0.7987205526	-0.4950431337	0.3420201377
3.35	0.08665508853	0.1219869075	1.145767461	0.7660777791	-0.544193956	0.3420201377
3.36	0.09414001108	0.1163080749	1.149187663	0.7304147103	-0.5911992696	0.3420201377
3.37	0.1012537825	0.1101706926	1.152607864	0.6918719493	-0.6358737541	0.3420201377
3.38	0.1079683564	0.1035989574	1.156028066	0.6506014527	-0.6780412783	0.3420201377
3.39	0.1142572603	0.09661877886	1.159448267	0.6067659312	-0.717535595	0.3420201377
3.4	0.1200957	0.0892576765	1.162868468	0.5605382084	-0.754200996	0.3420201377
3.41	0.1254606571	0.08154467181	1.16628867	0.512100539	-0.7878929263	0.3420201377
3.42	0.13033098	0.07351017367	1.169708871	0.4616438907	-0.8184785541	0.3420201377
3.43	0.1346874672	0.06518585844	1.173129072	0.409367191	-0.8458372942	0.3420201377
3.44	0.1385129432	0.05660454509	1.176549274	0.3554765431	-0.8698612836	0.3420201377
3.45	0.1417923259	0.04780006582	1.179969475	0.3001844134	-0.8904558065	0.3420201377
3.46	0.144512686	0.0388071327	1.183389677	0.2437087933	-0.9075396682	0.3420201377
3.47	0.1466632985	0.02966120074	1.186809878	0.1862723407	-0.9210455149	0.3420201377
3.48	0.1482356846	0.0203983282	1.190230079	0.1281015011	-0.930920099	0.3420201377
3.49	0.1492236449	0.01105503435	1.193650281	0.06942561571	-0.9371244897	0.3420201377
3.5	0.1496232844	0.00166815554	1.197070482	0.01047601679	-0.9396342259	0.3420201377
3.51	0.1494330275	-0.007725300047	1.200490683	-0.0485148843	-0.9384394127	0.3420201377
3.52	0.1486536243	-0.0170882983	1.203910885	-0.1073145133	-0.9335447609	0.3420201377
3.53	0.1472881477	-0.02638392518	1.207331086	-0.1656910501	-0.9249695678	0.3420201377
3.54	0.1453419811	-0.03557553228	1.210751288	-0.2234143427	-0.9127476414	0.3420201377
3.55	0.1428227973	-0.04462688127	1.214171489	-0.2802568144	-0.8969271673	0.3420201377
3.56	0.1397405284	-0.05350228682	1.21759169	-0.3359943613	-0.8775705183	0.3420201377
3.57	0.1361073263	-0.06216675725	1.221011892	-0.3904072356	-0.8547540089	0.3420201377
3.58	0.131937515	-0.07058613251	1.224432093	-0.4432809122	-0.8285675943	0.3420201377
3.59	0.1272475343	-0.07872721883	1.227852294	-0.4944069342	-0.7991145154	0.3420201377
3.6	0.1220558746	-0.08655791962	1.231272496	-0.5435837352	-0.7665108924	0.3420201377
3.61	0.1163830042	-0.09404736201	1.234692697	-0.5906174334	-0.7308852665	0.3420201377
3.62	0.1102512887	-0.1011660185	1.238112899	-0.6353225964	-0.6923780932	0.3420201377
3.63	0.1036849027	-0.1078858236	1.2415331	-0.677522972	-0.6511411888	0.3420201377
3.64	0.09670973433	-0.114180284	1.244953301	-0.7170521836	-0.6073371316	0.3420201377
3.65	0.08935328361	-0.1200245836	1.248373503	-0.7537543853	-0.5611386211	0.3420201377
3.66	0.08164455363	-0.1253956811	1.251793704	-0.7874848772	-0.5127277968	0.3420201377
3.67	0.07361393641	-0.1302724005	1.255213905	-0.8181106753	-0.4622955206	0.3420201377
3.68	0.065293093	-0.1346355153	1.258634107	-0.845511036	-0.410040624	0.3420201377
3.69	0.05671482869	-0.1384678236	1.262054308	-0.8695779323	-0.3561691242	0.3420201377
3.7	0.04791296368	-0.1417542165	1.26547451	-0.8902164793	-0.3008934119	0.3420201377
3.71	0.03892219971	-0.144481737	1.268894711	-0.9073453087	-0.2444314141	0.3420201377
3.72	0.02977798324	-0.146639632	1.272314912	-0.9208968892	-0.1870057348	0.3420201377
3.73	0.02051636577	-0.1482193938	1.275735114	-0.9308177932	-0.128842777	0.3420201377
3.74	0.01117386162	-0.1492147941	1.279155315	-0.9370689071	-0.07017185096	0.3420201377
3.75	0.001787304029	-0.1496219085	1.282575516	-0.9396255856	-0.0112242693	0.3420201377
3.76	-0.007606300086	-0.149439132	1.285995718	-0.9384777489	0.04776756454	0.3420201377
3.77	-0.01696991603	-0.1486671851	1.289415919	-0.9336299223	0.1065710727	0.3420201377
3.78	-0.02626662733	-0.1473091113	1.292836121	-0.9251012187	0.1649544196	0.3420201377
3.79	-0.0354597813	-0.1453702648	1.296256322	-0.9129252628	0.2226874265	0.3420201377
3.8	-0.04451313351	-0.1428582896	1.299676523	-0.8971500589	0.2795424785	0.3420201377
3.81	-0.05339099074	-0.1397830894	1.303096725	-0.8778378013	0.3352954219	0.3420201377
3.82	-0.06205835164	-0.1361567882	1.306516926	-0.8550646296	0.3897264483	0.3420201377
3.83	-0.07048104476	-0.1319936828	1.309937128	-0.828920328	0.4426209611	0.3420201377
3.84	-0.07862586326	-0.1273101865	1.313357329	-0.7995079715	0.4937704212	0.3420201377
3.85	-0.08646069582	-0.1221247643	1.31677753	-0.7669435196	0.5429731698	0.3420201377
3.86	-0.09395465329	-0.1164578597	1.320197732	-0.7313553592	0.5900352227	0.3420201377
3.87	-0.1010781904	-0.110331815	1.323617933	-0.692883798	0.6347710358	0.3420201377
3.88	-0.1078032223	-0.1037707822	1.327038134	-0.651680512	0.6770042361	0.3420201377
3.89	-0.1141032353	-0.09680062848	1.330458336	-0.6079079469	0.7165683174	0.3420201377
3.9	-0.1199533912	-0.08944883406	1.333878537	-0.5617386779	0.7533072966	0.3420201377
3.91	-0.1253306256	-0.08174438367	1.337298739	-0.5133547295	0.7870763286	0.3420201377
3.92	-0.1302137385	-0.07371765246	1.34071894	-0.4629468574	0.8177422776	0.3420201377
3.93	-0.134583478	-0.06540028615	1.344139141	-0.410713797	0.8451842416	0.3420201377
3.94	-0.1384226162	-0.05682507634	1.347559343	-0.3568614794	0.8692940296	0.3420201377
3.95	-0.1417160171	-0.04802583116	1.350979544	-0.3016022197	0.8899765876	0.3420201377
3.96	-0.1444506965	-0.03903724203	1.354399745	-0.24515388	0.9071503737	0.3420201377
3.97	-0.1466158725	-0.02989474686	1.357819947	-0.1877390103	0.9207476796	0.3420201377
3.98	-0.1482030091	-0.02063439032	1.361240148	-0.1295839712	0.9307148972	0.3420201377
3.99	-0.1492058488	-0.0112926818	1.36466035	-0.07091804172	0.9370127303	0.3420201377
4	-0.1496204378	-0.001906451384	1.368080551	-0.01197251469	0.9396163495	0.3420201377
4.01	-0.1494451417	0.007487295302	1.371500752	0.0470202145	0.9385154899	0.3420201377
4.02	-0.1486806515	0.016851523	1.374920954	0.1058275644	0.9337144917	0.3420201377
4.03	-0.1473299814	0.02614931282	1.378341155	0.1642176845	0.925232283	0.3420201377
4.04	-0.1453984563	0.03534400783	1.381761356	0.2219603692	0.9131023053	0.3420201377
4.05	-0.1428936913	0.04439935753	1.385181558	0.2788279653	0.8973723815	0.3420201377
4.06	-0.1398255617	0.05327966081	1.388601759	0.3345962699	0.8781045277	0.3420201377
4.07	-0.1362061637	0.06194990668	1.392021961	0.3890454139	0.8553747081	0.3420201377
4.08	-0.1320497669	0.07037591232	1.395442162	0.4419607294	0.8292725361	0.3420201377
4.09	-0.1273727581	0.07852445782	1.398862363	0.4931335951	0.7999009206	0.3420201377
4.1	-0.1221935765	0.0863634172	1.402282565	0.54236226	0.7673756605	0.3420201377
4.11	-0.1165326414	0.093861885	1.405702766	0.5894526378	0.7318249881	0.3420201377
4.12	-0.1104122712	0.1009902982	1.409122967	0.6342190726	0.6933890634	0.3420201377
4.13	-0.1038565958	0.1077205527	1.412543169	0.6764850708	0.6522194219	0.3420201377
4.14	-0.09689146124	0.1140261142	1.41596337	0.7160839969	0.6084783766	0.3420201377
4.15	-0.08954432779	0.1198821227	1.419383572	0.7528597303	0.5623383785	0.3420201377
4.16	-0.08184416188	0.1252654906	1.422803773	0.786667281	0.5139813366	0.3420201377
4.17	-0.07382132176	0.1301549938	1.426223974	0.8173733614	0.4635979007	0.3420201377
4.18	-0.06550743783	0.1345313553	1.429644176	0.8448569113	0.4113867096	0.3420201377
4.19	-0.05693528795	0.138377321	1.433064377	0.8690095756	0.3575536083	0.3420201377
4.2	-0.04813866818	0.1416777279	1.436484578	0.8897361315	0.3023108362	0.3420201377
4.21	-0.0391522596	0.1444195643	1.43990478	0.9069548635	0.2458761903	0.3420201377
4.22	-0.03001149151	0.1465920201	1.443324981	0.920597886	0.1884721667	0.3420201377
4.23	-0.0207524018	0.1481865304	1.446745183	0.9306114109	0.1303250833	0.3420201377
4.24	-0.01141149482	0.1491968088	1.450165384	0.9369559593	0.0716641875	0.3420201377
4.25	-0.002025597531	0.1496188722	1.453585585	0.9396065176	0.01272075249	0.3420201377
4.26	0.00736828577	0.1494510567	1.457005787	0.9385526358	-0.04627283464	0.3420201377
4.27	0.01673311928	0.1486940237	1.460425988	0.933798469	-0.1050839891	0.3420201377
4.28	0.02603198173	0.147350758	1.463846189	0.9253627606	-0.1634808453	0.3420201377
4.29	0.03522821195	0.1454265555	1.467266391	0.9132787687	-0.221233171	0.3420201377
4.3	0.04428555339	0.1429290024	1.470686592	0.8975941352	-0.2781132753	0.3420201377
4.31	0.05316829709	0.1398679454	1.474106794	0.8783706972	-0.3338969057	0.3420201377
4.32	0.06184142243	0.1362554529	1.477526995	0.8556842442	-0.3883641329	0.3420201377
4.33	0.07027073525	0.1321057672	1.480947196	0.8296242183	-0.4413002174	0.3420201377
4.34	0.0784230026	0.1274352488	1.484367398	0.8002933624	-0.4924964563	0.3420201377
4.35	0.08626608381	0.1222623113	1.487787599	0.7678073147	-0.5417510063	0.3420201377
4.36	0.09376905718	0.1166073492	1.491207801	0.7322941529	-0.5888696791	0.3420201377
4.37	0.1009023419	0.1104926575	1.494628002	0.6938938892	-0.6336667073	0.3420201377
4.38	0.1076378147	0.1039423437	1.498048203	0.6527579182	-0.6759654766	0.3420201377
4.39	0.1139489207	0.09698223256	1.501468405	0.6090484205	-0.7155992223	0.3420201377
4.4	0.1198107781	0.08963976473	1.504888606	0.5629377225	-0.7524116865	0.3420201377
4.41	0.1252002762	0.08194388819	1.508308807	0.5146076178	-0.7862577345	0.3420201377
4.42	0.1300961667	0.07392494425	1.511729009	0.4642486499	-0.8170039268	0.3420201377
4.43	0.1344791473	0.06561454797	1.51514921	0.4120593613	-0.8445290452	0.3420201377
4.44	0.138331938	0.05704546345	1.518569412	0.3582455105	-0.8687245706	0.3420201377
4.45	0.1416393489	0.04825147468	1.521989613	0.303019261	-0.8894951112	0.3420201377
4.46	0.1443883405	0.03926725234	1.525409814	0.2465983447	-0.9067587782	0.3420201377
4.47	0.1465680746	0.03012821714	1.528830016	0.1892052036	-0.9204475087	0.3420201377
4.48	0.1481699577	0.02087040011	1.532250217	0.1310661127	-0.9305073345	0.3420201377
4.49	0.1491876742	0.01153030061	1.535670418	0.07241028783	-0.9368985941	0.3420201377
4.5	0.1496172117	0.002144742393	1.53909062	0.01346898223	-0.9395960898	0.3420201377
4.51	0.1494568768	-0.007249271565	1.542510821	-0.04552542543	-0.9385891865	0.3420201377
4.52	0.1487073016	-0.01661470495	1.545931023	-0.1043403471	-0.9338818541	0.3420201377
4.53	0.1473714413	-0.02591463413	1.549351224	-0.1627439023	-0.9254926513	0.3420201377
4.54	0.1454545626	-0.03511239373	1.552771425	-0.2205058326	-0.913454653	0.3420201377
4.55	0.1429642229	-0.04417172116	1.556191627	-0.2773984089	-0.8978153196	0.3420201377
4.56	0.1399102404	-0.05305689965	1.559611828	-0.3331973298	-0.8786363098	0.3420201377
4.57	0.1363046557	-0.06173289897	1.563032029	-0.3876826055	-0.8559932376	0.3420201377
4.58	0.1321616838	-0.07016551362	1.566452231	-0.4406394255	-0.8299753744	0.3420201377
4.59	0.1274976587	-0.07832149764	1.569872432	-0.4918590052	-0.8006852967	0.3420201377
4.6	0.1223309685	-0.08616869571	1.573292634	-0.5411394091	-0.7682384821	0.3420201377
4.61	0.116681983	-0.09367616991	1.576712835	-0.588286347	-0.7327628534	0.3420201377
4.62	0.1105729737	-0.1008143217	1.580133036	-0.6331139401	-0.6943982749	0.3420201377
4.63	0.1040280256	-0.1075550086	1.583553238	-0.6754454537	-0.6532960006	0.3420201377
4.64	0.09707294238	-0.1138716551	1.586973439	-0.7151139938	-0.6096180782	0.3420201377
4.65	0.08973514483	-0.1197393576	1.59039364	-0.7519631656	-0.5635367096	0.3420201377
4.66	0.08204356253	-0.1251349824	1.593813842	-0.7858476894	-0.5152335727	0.3420201377
4.67	0.07402851987	-0.130037257	1.597234043	-0.8166339742	-0.4648991048	0.3420201377
4.68	0.06572161651	-0.1344268541	1.600654245	-0.8442006435	-0.4127317517	0.3420201377
4.69	0.05715560278	-0.1382864673	1.604074446	-0.8684390147	-0.3589371855	0.3420201377
4.7	0.04836425058	-0.1416008801	1.607494647	-0.8892535268	-0.3037274936	0.3420201377
4.71	0.03938222019	-0.1443570251	1.610914849	-0.9065621178	-0.2473203428	0.3420201377
4.72	0.03024492366	-0.1465440363	1.61433505	-0.9202965477	-0.1899381206	0.3420201377
4.73	0.02098838519	-0.1481532911	1.617755251	-0.930402668	-0.131807059	0.3420201377
4.74	0.01164909908	-0.149178445	1.621175453	-0.9368406348	-0.07315634225	0.3420201377
4.75	0.002263885895	-0.1496154564	1.624595654	-0.9395850661	-0.01421720342	0.3420201377
4.76	-0.007130252764	-0.1494626022	1.628015856	-0.938625142	0.04477798736	0.3420201377
4.77	-0.01649628009	-0.1487204852	1.631436057	-0.933964647	0.1035966389	0.3420201377
4.78	-0.0257972701	-0.1473920311	1.634856258	-0.9256219552	0.1620068562	0.3420201377
4.79	-0.03499655324	-0.1454824774	1.63827646	-0.9136299581	0.2197783544	0.3420201377
4.8	-0.04405786093	-0.1429993527	1.641696661	-0.8980359347	0.2766833666	0.3420201377
4.81	-0.05294546856	-0.1399524467	1.645116862	-0.8789013651	0.3324975426	0.3420201377
4.82	-0.06162433635	-0.136353772	1.648537064	-0.8563016882	0.3870008323	0.3420201377
4.83	-0.07006024749	-0.1322175166	1.651957265	-0.8303260042	0.4399783542	0.3420201377
4.84	-0.07821994301	-0.1275599878	1.655377467	-0.8010767233	0.4912212421	0.3420201377
4.85	-0.08607125297	-0.1223995481	1.658797668	-0.7686691623	0.5405274687	0.3420201377
4.86	-0.09358322322	-0.1167565429	1.662217869	-0.7332310892	0.5877026419	0.3420201377
4.87	-0.1007262375	-0.1106532198	1.665638071	-0.6949022203	0.6325607715	0.3420201377
4.88	-0.1074721342	-0.1041136415	1.669058272	-0.6538336688	0.6749250025	0.3420201377
4.89	-0.1137943172	-0.09716359064	1.672478474	-0.6101873492	0.7146283119	0.3420201377
4.9	-0.1196678611	-0.08983046803	1.675898675	-0.5641353392	0.7515141678	0.3420201377
4.91	-0.1250696092	-0.08214318484	1.679318876	-0.5158592008	0.785437146	0.3420201377
4.92	-0.1299782649	-0.07413204854	1.682739078	-0.4655492648	0.8162635037	0.3420201377
4.93	-0.1343744756	-0.06582864336	1.686159279	-0.4134038803	0.8438717066	0.3420201377
4.94	-0.1382409089	-0.05726570587	1.68957948	-0.3596286328	0.8681529081	0.3420201377
4.95	-0.1415623214	-0.04847699581	1.692999682	-0.3044355337	0.8890113786	0.3420201377
4.96	-0.1443256182	-0.03949716305	1.696419883	-0.248042184	0.9063648826	0.3420201377
4.97	-0.146519905	-0.030361611	1.699840085	-0.1906709171	0.9201450031	0.3420201377
4.98	-0.1481365305	-0.02110635696	1.703260286	-0.1325479217	0.9302974115	0.3420201377
4.99	-0.1491691212	-0.01176789017	1.706680487	-0.07390235027	0.9367820814	0.3420201377
5	-0.1496136062	-0.002383027961	1.710100689	-0.0149654156	0.9395734467	0.3420201377
5.01	-0.1494682329	0.007011229441	1.71352089	0.04403052089	0.9386605023	0.3420201377
5.02	-0.1487335745	0.01637784476	1.716941091	0.1028528651	0.9340468476	0.3420201377
5.03	-0.1474125274	0.02567988971	1.720361293	0.1612697074	0.9257506721	0.3420201377
5.04	-0.1455103	0.03488069056	1.723781494	0.2190507367	0.9138046838	0.3420201377
5.05	-0.1430343918	0.04394397276	1.727201696	0.2759681489	0.8982559803	0.3420201377
5.06	-0.1399945642	0.0528340039	1.730621897	0.3317975445	0.8791658631	0.3420201377
5.07	-0.1364028019	0.06151573467	1.734042098	0.3863188137	0.8566095958	0.3420201377
5.08	-0.1322732655	0.06995493694	1.7374623	0.439317004	0.8306761074	0.3420201377
5.09	-0.127622236	0.07811833879	1.740882501	0.4905831676	0.8014676419	0.3420201377
5.1	-0.1224680502	0.08597375565	1.744302702	0.5399151855	0.769099355	0.3420201377
5.11	-0.1168310287	0.0934902172	1.747722904	0.587118564	0.73369886	0.3420201377
5.12	-0.1107333957	0.1006380894	1.751143105	0.6320072017	0.695405725	0.3420201377
5.13	-0.1041991914	0.1073891916	1.754563307	0.6744041233	0.6543709223	0.3420201377
5.14	-0.09725417729	0.1137169071	1.757983508	0.7141421769	0.6107562334	0.3420201377
5.15	-0.08992573426	0.1195962888	1.761403709	0.7510646935	0.5647336112	0.3420201377
5.16	-0.08224275507	0.1250041568	1.764823911	0.7850261045	0.5164845018	0.3420201377
5.17	-0.0742355302	0.1299191904	1.768244112	0.8158925155	0.4661991296	0.3420201377
5.18	-0.06593562848	0.1343220119	1.771664313	0.8435422344	0.4140757468	0.3420201377
5.19	-0.05737577264	0.1381952629	1.775084515	0.8678662509	0.3603198522	0.3420201377
5.2	-0.04858971029	0.141523673	1.778504716	0.8887686665	0.3051433806	0.3420201377
5.21	-0.03961208088	0.1442941198	1.781924918	0.9061670726	0.2487638679	0.3420201377
5.22	-0.03047827909	0.1464956807	1.785345119	0.919992875	0.1914035927	0.3420201377
5.23	-0.02122431534	0.148119676	1.78876532	0.9301915651	0.1332887003	0.3420201377
5.24	-0.0118866738	0.1491597029	1.792185522	0.9367229339	0.07464831143	0.3420201377
5.25	-0.002502168517	0.1496116611	1.795605723	0.9395612314	0.01571361829	0.3420201377
5.26	0.006892201671	0.1494737687	1.799025924	0.9386952674	-0.0432830265	0.3420201377
5.27	0.01625939905	0.1487465694	1.802446126	0.9341284559	-0.102109026	0.3420201377
5.28	0.02556249303	0.1474329302	1.805866327	0.9258788019	-0.1605324563	0.3420201377
5.29	0.03476480576	0.1455380303	1.809286529	0.91397883	-0.2183229802	0.3420201377
5.3	0.04383005672	0.1430693402	1.81270673	0.8984754563	-0.2752527562	0.3420201377
5.31	0.05272250574	0.1400365929	1.816126931	0.8794298036	-0.3310973361	0.3420201377
5.32	0.06140709397	0.1364517452	1.819547133	0.8569169602	-0.3856365501	0.3420201377
5.33	0.06984958202	0.1323289306	1.822967334	0.8310256839	-0.4386553751	0.3420201377
5.34	0.07801668502	0.1276844032	1.826387535	0.8018580523	-0.4899447819	0.3420201377
5.35	0.08587620381	0.1225364745	1.829807737	0.76952906	-0.5393025599	0.3420201377
5.36	0.09339715189	0.1169054404	1.833227938	0.7341661656	-0.5865341139	0.3420201377
5.37	0.1005498776	0.1108135014	1.83664814	0.6959087887	-0.6314532312	0.3420201377
5.38	0.107306181	0.1042846753	1.840068341	0.6549077608	-0.6738828164	0.3420201377
5.39	0.113639425	0.09734470226	1.843488542	0.6113247302	-0.7136555889	0.3420201377
5.4	0.1195246406	0.09002094347	1.846908744	0.565331525	-0.7506147429	0.3420201377
5.41	0.124938625	0.08234227314	1.850328945	0.5171094753	-0.7846145652	0.3420201377
5.42	0.1298600334	0.07433896478	1.853749146	0.4668486988	-0.81552101	0.3420201377
5.43	0.134269463	0.06604257178	1.857169348	0.4147473508	-0.8432122274	0.3420201377
5.44	0.1381495292	0.05748580303	1.860589549	0.361010843	-0.8675790434	0.3420201377
5.45	0.1414849349	0.04870239397	1.864009751	0.3058510341	-0.8885253909	0.3420201377
5.46	0.1442625299	0.03972697358	1.867429952	0.2494853941	-0.9059686879	0.3420201377
5.47	0.1464713636	0.03059492785	1.870850153	0.1921361469	-0.9198401635	0.3420201377
5.48	0.1481027275	0.02134226026	1.874270355	0.1340293945	-0.9300851288	0.3420201377
5.49	0.1491501899	0.01200544988	1.877690556	0.07539422526	-0.9366631925	0.3420201377
5.5	0.1496096211	0.002621307485	1.881110758	0.01646181101	-0.9395484203	0.3420201377
5.51	0.1494792097	-0.006773169531	1.884530959	-0.04253550466	-0.9387294372	0.3420201377
5.52	0.14875947	-0.01614094303	1.88795116	-0.1013651222	-0.9342094719	0.3420201377
5.53	0.1474532396	-0.02544508015	1.891371362	-0.1597951033	-0.9260063447	0.3420201377
5.54	0.1455656683	-0.03464889892	1.894791563	-0.2175950852	-0.9141523966	0.3420201377
5.55	0.1431041979	-0.04371611288	1.898211764	-0.2745371889	-0.8986943626	0.3420201377
5.56	0.1400785329	-0.05261097414	1.901631966	-0.3303969176	-0.8796931864	0.3420201377
5.57	0.1365006021	-0.06129841433	1.905052167	-0.384954042	-0.8572237811	0.3420201377
5.58	0.1323845117	-0.06974418281	1.908472369	-0.4379934681	-0.8313747334	0.3420201377
5.59	0.1277464895	-0.07791498179	1.91189257	-0.4893060856	-0.8022479542	0.3420201377
5.6	0.1226048212	-0.08577859752	1.915312771	-0.5386895924	-0.7699582771	0.3420201377
5.61	0.116979778	-0.09330402735	1.918732973	-0.5859492918	-0.7346330056	0.3420201377
5.62	0.1108935368	-0.1004616019	1.922153174	-0.6308988602	-0.6964114111	0.3420201377
5.63	0.104370093	-0.1072231023	1.925573375	-0.6733610822	-0.655444184	0.3420201377
5.64	0.09743516551	-0.1135618708	1.928993577	-0.7131685484	-0.6118928394	0.3420201377
5.65	0.09011609559	-0.1194529166	1.932413778	-0.7501643163	-0.5659290803	0.3420201377
5.66	0.082441739	-0.1248730141	1.93583398	-0.7842025283	-0.5177341209	0.3420201377
5.67	0.07444235222	-0.1298007942	1.939254181	-0.8151489874	-0.467497972	0.3420201377
5.68	0.0661494732	-0.1342168289	1.942674382	-0.8428816856	-0.4154186917	0.3420201377
5.69	0.05759579696	-0.1381037079	1.946094584	-0.8672912858	-0.3617016049	0.3420201377
5.7	0.04881504676	-0.141446107	1.949514785	-0.8882815519	-0.3065584936	0.3420201377
5.71	0.03984184109	-0.1442308485	1.952934986	-0.9057697288	-0.250206762	0.3420201377
5.72	0.0307115572	-0.1464469536	1.956355188	-0.9196868687	-0.1928685792	0.3420201377
5.73	0.02146019165	-0.1480856851	1.959775389	-0.9299781027	-0.1347700036	0.3420201377
5.74	0.01212421836	-0.1491405823	1.963195591	-0.9366028571	-0.07614009127	0.3420201377
5.75	0.002740444792	-0.1496074862	1.966615792	-0.9395350135	-0.01720999329	0.3420201377
5.76	-0.006654133096	-0.149484556	1.970035993	-0.9387630117	0.04178795585	0.3420201377
5.77	-0.01602247677	-0.1487722763	1.973456195	-0.9342898954	0.1006211541	0.3420201377
5.78	-0.02532765113	-0.1474734554	1.976876396	-0.9261333002	0.1590576491	0.3420201377
5.79	-0.0345329701	-0.1455932139	1.980296597	-0.9143253836	0.2168670523	0.3420201377
5.8	-0.04360214133	-0.1431389648	1.983716799	-0.8989126989	0.2738214475	0.3420201377
5.81	-0.05249940919	-0.140120384	1.987137	-0.8799560114	0.3296962897	0.3420201377
5.82	-0.06118969581	-0.1365493724	1.990557202	-0.8575300585	0.3842712897	0.3420201377
5.83	-0.06963873937	-0.1324400089	1.993977403	-0.8317232557	0.4373312833	0.3420201377
5.84	-0.07781322914	-0.1278084948	1.997397604	-0.8026373473	0.488667079	0.3420201377
5.85	-0.08568093682	-0.1226730901	2.000817806	-0.7703870059	0.5380762833	0.3420201377
5.86	-0.09321084364	-0.1170540414	2.004238007	-0.7350993797	0.5853640981	0.3420201377
5.87	-0.1003732626	-0.1109735019	2.007658208	-0.6969135919	0.6303440892	0.3420201377
5.88	-0.1071399556	-0.1044554445	2.01107841	-0.6559801916	0.672838921	0.3420201377
5.89	-0.1134842445	-0.09752556697	2.014498611	-0.6124605605	0.7126810557	0.3420201377
5.9	-0.1193811169	-0.09021119057	2.017918813	-0.5665262768	0.749713414	0.3420201377
5.91	-0.1248073239	-0.08254115258	2.021339014	-0.5183584382	0.7837899942	0.3420201377
5.92	-0.1297414726	-0.07454569246	2.024759215	-0.4681469486	0.8147764478	0.3420201377
5.93	-0.1341641098	-0.06625633267	2.028179417	-0.4160897692	0.8425506094	0.3420201377
5.94	-0.1380577991	-0.05770575437	2.031599618	-0.3623921374	0.8670029781	0.3420201377
5.95	-0.1414071894	-0.04892766859	2.035019819	-0.3072657588	0.8880371495	0.3420201377
5.96	-0.1441990757	-0.03995668333	2.038440021	-0.2509279713	0.9055701953	0.3420201377
5.97	-0.1464224508	-0.03082816709	2.041860222	-0.1936008893	0.9195329907	0.3420201377
5.98	-0.1480685489	-0.02157810944	2.045280424	-0.1355105273	0.9298704869	0.3420201377
5.99	-0.1491308802	-0.01224297914	2.048700625	-0.076885909	0.9365419277	0.3420201377
6	-0.1496052565	-0.00285958036	2.052120826	-0.01795816466	0.9395210108	0.3420201377
6.01	-0.1494898075	0.006535092442	2.055541028	0.04104038053	0.9387959909	0.3420201377
6.02	-0.1487849883	0.01590400035	2.058961229	0.09987712222	0.9343697265	0.3420201377
6.03	-0.1474935778	0.02521020605	2.062381431	0.158320094	0.9262596684	0.3420201377
6.04	-0.1456206673	0.03441701939	2.065801632	0.2161388818	0.9144977907	0.3420201377
6.05	-0.143173641	0.04348814212	2.069221833	0.2731055325	0.8991304652	0.3420201377
6.06	-0.1401621462	0.05238781094	2.072642035	0.3289954527	0.8802182783	0.3420201377
6.07	-0.1365980561	0.0610809385	2.076062236	0.3835882938	0.8578357921	0.3420201377
6.08	-0.1324954221	0.06953325178	2.079482437	0.4366688212	0.8320712506	0.3420201377
6.09	-0.127870419	0.07771142715	2.082902639	0.4880277625	0.8030262315	0.3420201377
6.1	-0.1227412812	0.0855832218	2.08632284	0.5374626329	0.7708152461	0.3420201377
6.11	-0.1171282305	0.09311760083	2.089743042	0.5847785332	0.7355652877	0.3420201377
6.12	-0.1110533966	0.1002848596	2.093163243	0.6297889184	0.6974153308	0.3420201377
6.13	-0.1045407298	0.1070567409	2.096583444	0.6723163331	0.6565157832	0.3420201377
6.14	-0.09761590658	0.1134065463	2.100003646	0.712193111	0.6130278933	0.3420201377
6.15	-0.09030622833	0.1193092414	2.103423847	0.7492620363	0.5671231139	0.3420201377
6.16	-0.08264051381	0.1247415546	2.106844048	0.783376963	0.5189824267	0.3420201377
6.17	-0.07464898542	0.1296820687	2.11026425	0.8144033915	0.4687956285	0.3420201377
6.18	-0.06636315012	0.1341113055	2.113684451	0.8422189989	0.4167605828	0.3420201377
6.19	-0.05781567519	0.1380118027	2.117104653	0.8667141207	0.3630824402	0.3420201377
6.2	-0.0490402594	0.1413681822	2.120524854	0.887792184	0.307972829	0.3420201377
6.21	-0.04007150024	0.1441672114	2.123945055	0.9053700875	0.2516490215	0.3420201377
6.22	-0.03094475742	0.146397855	2.127365257	0.9193785296	0.1943330766	0.3420201377
6.23	-0.02169601354	0.1480513187	2.130785458	0.9297622814	0.136250965	0.3420201377
6.24	-0.01236173216	0.1491210835	2.134205659	0.9364804045	0.07763167798	0.3420201377
6.25	-0.002978714115	0.1496029319	2.137625861	0.9395064123	0.01870632464	0.3420201377
6.26	0.006416047643	0.1494949641	2.141046062	0.9388283748	-0.0402927792	0.3420201377
6.27	0.01578551385	0.1487976059	2.144466264	0.9344489651	-0.09913302699	0.3420201377
6.28	0.02509274498	0.1475136066	2.147886465	0.9263854492	-0.1575824385	0.3420201377
6.29	0.03430104685	0.1456480283	2.151306666	0.9146696179	-0.2154105742	0.3420201377
6.3	0.04337411534	0.1432082263	2.154726868	0.8993476614	-0.2723894443	0.3420201377
6.31	0.05227617946	0.1402038196	2.158147069	0.8804799871	-0.328294407	0.3420201377
6.32	0.06097214245	0.1366466531	2.16156727	0.8581409817	-0.3829050546	0.3420201377
6.33	0.06942772009	0.1325507512	2.164987472	0.8324187178	-0.4360060821	0.3420201377
6.34	0.07760957588	0.1279322622	2.168407673	0.8034146064	-0.4873881365	0.3420201377
6.35	0.0854854525	0.1228093945	2.171827875	0.7712429976	-0.5368486417	0.3420201377
6.36	0.09302429897	0.1172023454	2.175248076	0.7360307293	-0.5841925975	0.3420201377
6.37	0.100196393	0.1111332209	2.178668277	0.6979166274	-0.6292333483	0.3420201377
6.38	0.1069734584	0.1046259488	2.182088479	0.6570509585	-0.6717933189	0.3420201377
6.39	0.1133287762	0.09770618429	2.18550868	0.6135948373	-0.7117047147	0.3420201377
6.4	0.1192372904	0.09040120884	2.188928881	0.5677195915	-0.7488101834	0.3420201377
6.41	0.1246757062	0.08273982264	2.192349083	0.5196060862	-0.782963435	0.3420201377
6.42	0.1296225826	0.07475223105	2.195769284	0.469444011	-0.8140298188	0.3420201377
6.43	0.1340584163	0.0664699255	2.199189486	0.4174311321	-0.8418868542	0.3420201377
6.44	0.1379657187	0.05792555934	2.202609687	0.3637725126	-0.8664247137	0.3420201377
6.45	0.1413290853	0.04915281911	2.206029888	0.308679704	-0.8875466555	0.3420201377
6.46	0.1441352557	0.04018629173	2.20945009	0.2523699121	-0.9051694056	0.3420201377
6.47	0.1463731665	0.03106132813	2.212870291	0.1950651407	-0.9192234855	0.3420201377
6.48	0.1480339946	0.02181390388	2.216290492	0.1369913163	-0.9296534863	0.3420201377
6.49	0.1491111923	0.01248047734	2.219710694	0.07837739772	-0.9364182874	0.3420201377
6.5	0.1496005124	0.003097845981	2.223130895	0.01945447276	-0.9394912181	0.3420201377
6.51	0.149500026	-0.006296998776	2.226551097	-0.03954515231	-0.9388601633	0.3420201377
6.52	0.1488101292	-0.01566701734	2.229971298	-0.09838886888	-0.9345276111	0.3420201377
6.53	0.1475335418	-0.024975268	2.233391499	-0.156844683	-0.9265106426	0.3420201377
6.54	0.145675297	-0.03418505256	2.236811701	-0.2146821301	-0.9148408651	0.3420201377
6.55	0.1432427209	-0.04326006105	2.240231902	-0.2716731834	-0.8995642872	0.3420201377
6.56	0.1402454041	-0.05216451484	2.243652104	-0.3275931532	-0.8807411375	0.3420201377
6.57	0.1366951636	-0.06086330774	2.247072305	-0.3822215726	-0.8584456272	0.3420201377
6.58	0.1326059964	-0.06932214437	2.250492506	-0.4353430666	-0.8327656571	0.3420201377
6.59	0.1279940242	-0.07750767539	2.253912708	-0.4867482015	-0.8038024718	0.3420201377
6.6	0.1228774299	-0.085387629	2.257332909	-0.5362343101	-0.7716702599	0.3420201377
6.61	0.117276386	-0.09293093811	2.26075311	-0.5836062913	-0.7364957041	0.3420201377
6.62	0.1112129748	-0.1001078629	2.264173312	-0.6286773791	-0.6984174814	0.3420201377
6.63	0.1047111015	-0.1068901081	2.267593513	-0.6712698786	-0.6575857172	0.3420201377
6.64	0.09779640004	-0.1132509343	2.271013715	-0.7112158671	-0.6141613923	0.3420201377
6.65	0.09049613201	-0.1191652637	2.274433916	-0.7483578557	-0.568315709	0.3420201377
6.66	0.082839079	-0.1246097788	2.277854117	-0.7825494106	-0.5202294161	0.3420201377
6.67	0.07485542927	-0.1295630143	2.281274319	-0.8136557299	-0.4700920958	0.3420201377
6.68	0.06657665872	-0.134005442	2.28469452	-0.8415541757	-0.4181014168	0.3420201377
6.69	0.05803540676	-0.1379195473	2.288114721	-0.8661347572	-0.3644623544	0.3420201377
6.7	0.04926534765	-0.1412898988	2.291534923	-0.8873005642	-0.3093863833	0.3420201377
6.71	0.04030105775	-0.1441032086	2.294955124	-0.9049681497	-0.2530906426	0.3420201377
6.72	0.03117787915	-0.1463483851	2.298375326	-0.9190678585	-0.195797081	0.3420201377
6.73	0.02193178038	-0.1480165767	2.301795527	-0.9295441017	-0.1377315808	0.3420201377
6.74	0.01259921461	-0.1491012064	2.305215728	-0.9363555764	-0.07912306777	0.3420201377
6.75	0.003216975883	-0.1495979981	2.30863593	-0.9394754281	-0.02020260855	0.3420201377
6.76	-0.006177945915	-0.1495049931	2.312056131	-0.9388913565	0.03879750035	0.3420201377
6.77	-0.01554851089	-0.148822558	2.315476332	-0.9346056645	0.09764464839	0.3420201377
6.78	-0.02485777518	-0.1475533835	2.318896534	-0.9266352484	0.1561068281	0.3420201377
6.79	-0.03406903659	-0.1457024733	2.322316735	-0.9150115321	0.2139535498	0.3420201377
6.8	-0.04314597933	-0.1432771246	2.325736937	-0.8997803426	0.2709567502	0.3420201377
6.81	-0.05205281714	-0.1402868996	2.329157138	-0.8810017295	0.3268916916	0.3420201377
6.82	-0.06075443443	-0.1367435873	2.332577339	-0.8587497282	0.3815378482	0.3420201377
6.83	-0.06921652469	-0.1326611574	2.335997541	-0.8331120684	0.4346797751	0.3420201377
6.84	-0.07740572576	-0.128055705	2.339417742	-0.8041898276	0.4861079578	0.3420201377
6.85	-0.08528975134	-0.1229453874	2.342837943	-0.772097033	0.5356196384	0.3420201377
6.86	-0.09283751833	-0.1173503522	2.346258145	-0.7369602118	0.5830196151	0.3420201377
6.87	-0.1000192693	-0.1112926581	2.349678346	-0.6989178926	0.6281210113	0.3420201377
6.88	-0.1068066899	-0.1047961877	2.353098548	-0.6581200588	0.6707460127	0.3420201377
6.89	-0.1131730205	-0.09788655378	2.356518749	-0.6147275577	0.7107265685	0.3420201377
6.9	-0.1190931614	-0.0905909978	2.35993895	-0.5689114662	0.7479050535	0.3420201377
6.91	-0.1245437723	-0.08293828283	2.363359152	-0.5208524162	0.7821348899	0.3420201377
6.92	-0.1295033639	-0.07495858003	2.366779353	-0.4707398826	0.813281125	0.3420201377
6.93	-0.1339523827	-0.06668334972	2.370199554	-0.4187714363	0.8412209636	0.3420201377
6.94	-0.1378732884	-0.05814521738	2.373619756	-0.3651519651	0.8658442514	0.3420201377
6.95	-0.1412506226	-0.04937784495	2.377039957	-0.3100928663	0.8870539102	0.3420201377
6.96	-0.1440710701	-0.0404157982	2.380460159	-0.2538112127	0.9047663199	0.3420201377
6.97	-0.1463235109	-0.03129441039	2.38388036	-0.1965288972	0.9189116486	0.3420201377
6.98	-0.1479990649	-0.02204964298	2.387300561	-0.1384717579	0.9294341277	0.3420201377
6.99	-0.1490911261	-0.01271794389	2.390720763	-0.07986868764	0.9362922717	0.3420201377
7	-0.1495953889	-0.003336103745	2.394140964	-0.02095073152	0.9394590423	0.3420201377
7.01	-0.1495098653	0.006058889137	2.397561165	0.03804982378	0.9389219543	0.3420201377
7.02	-0.1488348925	0.01542999458	2.400981367	0.09690036597	0.9346831252	0.3420201377
7.03	-0.1475731316	0.02474026659	2.404401568	0.1553688742	0.9267592666	0.3420201377
7.04	-0.1457295572	0.03395299902	2.40782177	0.2132248338	0.9151816189	0.3420201377
7.05	-0.1433114375	0.04303187025	2.411241971	0.2702401451	0.8999958274	0.3420201377
7.06	-0.1403283062	0.05194108643	2.414662172	0.3261900228	0.8812617627	0.3420201377
7.07	-0.1367919243	0.0606455226	2.418082374	0.3808538819	0.8590532847	0.3420201377
7.08	-0.1327162343	0.06911086112	2.421502575	0.4340162079	0.8334579514	0.3420201377
7.09	-0.1281173047	0.07730372704	2.424922777	0.4854674058	0.8045766733	0.3420201377
7.1	-0.1230132669	0.0851918196	2.428342978	0.5350046271	0.7725233164	0.3420201377
7.11	-0.117424244	0.09274403967	2.431763179	0.5824325691	0.7374242522	0.3420201377
7.12	-0.1113722708	0.09993061228	2.435183381	0.6275642451	0.6994178605	0.3420201377
7.13	-0.1048812075	0.1067232041	2.438603582	0.6702217215	0.6586539831	0.3420201377
7.14	-0.09797664544	0.1130950349	2.442023783	0.7102368192	0.6152933334	0.3420201377
7.15	-0.09068580614	0.1190209836	2.445443985	0.7474517769	0.5695068626	0.3420201377
7.16	-0.08303743406	0.1244776868	2.448864186	0.7817198732	0.5214750859	0.3420201377
7.17	-0.07506168325	0.1294436313	2.452284388	0.8129060044	0.4713873708	0.3420201377
7.18	-0.06678999844	0.1338992385	2.455704589	0.840887218	0.4194411902	0.3420201377
7.19	-0.05825499112	0.1378269421	2.45912479	0.8655531966	0.3658413443	0.3420201377
7.2	-0.04949031094	0.141211257	2.462544992	0.8868066937	0.3107991527	0.3420201377
7.21	-0.04053051303	0.1440388402	2.465965193	0.9045639164	0.2545316218	0.3420201377
7.22	-0.03141092179	0.146298544	2.469385394	0.918754856	0.1972605888	0.3420201377
7.23	-0.0221674916	0.1479814593	2.472805596	0.9293235642	0.1392118473	0.3420201377
7.24	-0.0128366651	0.1490809512	2.476225797	0.9362283733	0.08061425686	0.3420201377
7.25	-0.003455229491	0.1495926848	2.479645999	0.9394420608	0.0216988412	0.3420201377
7.26	0.005939828517	0.1495146428	2.4830662	0.9389519567	-0.03730212308	0.3420201377
7.27	0.01531146849	0.1488471327	2.486486401	0.9347599932	-0.09615602211	0.3420201377
7.28	0.02462274232	0.1475927862	2.489906603	0.9268826972	-0.1546308218	0.3420201377
7.29	0.03383693991	0.1457565486	2.493326804	0.9153511254	-0.2124959826	0.3420201377
7.3	0.04291773388	0.1433456595	2.496747005	0.9002107415	-0.2695233687	0.3420201377
7.31	0.05182932278	0.1403696237	2.500167207	0.8815212371	-0.3254881471	0.3420201377
7.32	0.06053657231	0.1368401746	2.503587408	0.8593562965	-0.3801696741	0.3420201377
7.33	0.06900515373	0.132771227	2.50700761	0.8338033058	-0.4333523654	0.3420201377
7.34	0.0772016793	0.1281788231	2.510427811	0.8049630089	-0.484826546	0.3420201377
7.35	0.08509383384	0.1230810685	2.513848012	0.7729491099	-0.5343892765	0.3420201377
7.36	0.0926505022	0.1174980613	2.517268214	0.737887825	-0.5818451538	0.3420201377
7.37	0.09984189188	0.1114518129	2.520688415	0.6999173849	-0.627007081	0.3420201377
7.38	0.1066396505	0.1049661608	2.524108616	0.6591874897	-0.6696970052	0.3420201377
7.39	0.1130169776	0.09806667497	2.527528818	0.6158587188	-0.7097466195	0.3420201377
7.4	0.1189487303	0.09078055698	2.530949019	0.5701018978	-0.7469980264	0.3420201377
7.41	0.1244115224	0.08313653264	2.534369221	0.522097425	-0.7813043608	0.3420201377
7.42	0.1293838166	0.07516473887	2.537789422	0.4720345601	-0.8125303683	0.3420201377
7.43	0.1338460094	0.0668966048	2.541209623	0.4201106782	-0.8405529391	0.3420201377
7.44	0.1377805084	0.05836472793	2.544629825	0.3665304914	-0.865261593	0.3420201377
7.45	0.1411718017	0.04960274555	2.548050026	0.311505242	-0.8865589149	0.3420201377
7.46	0.144006519	0.04064520215	2.551470227	0.2552518695	-0.9043609393	0.3420201377
7.47	0.1462734842	0.03152741326	2.554890429	0.1979921553	-0.9185974809	0.3420201377
7.48	0.1479637598	0.02228532616	2.55831063	0.1399518483	-0.9292124114	0.3420201377
7.49	0.1490706817	0.01295537818	2.561730832	0.08135977496	-0.9361638812	0.3420201377
7.5	0.1495898859	0.003574353046	2.565151033	0.02244693713	-0.9394244836	0.3420201377
7.51	0.1495193254	-0.00582076413	2.568571234	-0.03655439873	-0.9389813637	0.3420201377
7.52	0.1488592784	-0.01519293269	2.571991436	-0.09541161727	-0.9348362684	0.3420201377
7.53	0.1476123471	-0.02450520244	2.575411637	-0.1538926713	-0.92700554	0.3420201377
7.54	0.1457834477	-0.03372085935	2.578831838	-0.2117669967	-0.9155200514	0.3420201377
7.55	0.1433797906	-0.04280357029	2.58225204	-0.2688064214	-0.9004250847	0.3420201377
7.56	0.1404108523	-0.05171752627	2.585672241	-0.324786065	-0.8817801525	0.3420201377
7.57	0.1368883381	-0.06042758363	2.589092443	-0.3794852252	-0.8596587633	0.3420201377
7.58	0.1328261356	-0.06889940258	2.592512644	-0.4326882482	-0.8341481315	0.3420201377
7.59	0.1282402602	-0.0770995826	2.595932845	-0.4841853787	-0.805348834	0.3420201377
7.6	0.1231487919	-0.08499579412	2.599353047	-0.5337735871	-0.7733744133	0.3420201377
7.61	0.1175718041	-0.09255690598	2.602773248	-0.5812573696	-0.7383509299	0.3420201377
7.62	0.1115312843	-0.09975310817	2.60619345	-0.6264495193	-0.7004164655	0.3420201377
7.63	0.1050510475	-0.1065560293	2.609613651	-0.6691718643	-0.6597205783	0.3420201377
7.64	0.09815664232	-0.1129388487	2.613033852	-0.7092559697	-0.6164237137	0.3420201377
7.65	0.09087525025	-0.1188764016	2.616454054	-0.7465438022	-0.5706965715	0.3420201377
7.66	0.0832355785	-0.1243452791	2.619874255	-0.7808883529	-0.522719433	0.3420201377
7.67	0.07526774683	-0.1293239199	2.623294456	-0.812154217	-0.4726814501	0.3420201377
7.68	0.06700316874	-0.1337926954	2.626714658	-0.8402181273	-0.4207798997	0.3420201377
7.69	0.05847442772	-0.1377339874	2.630134859	-0.8649694406	-0.3672194061	0.3420201377
7.7	0.04971514869	-0.141132257	2.633555061	-0.8863105739	-0.3122111338	0.3420201377
7.71	0.0407598655	-0.1439741065	2.636975262	-0.9041573887	-0.2559719554	0.3420201377
7.72	0.03164388475	-0.1462483317	2.640395463	-0.9184395232	-0.1987235962	0.3420201377
7.73	0.02240314659	-0.1479459665	2.643815665	-0.9291006694	-0.1406917606	0.3420201377
7.74	0.01307408304	-0.1490603177	2.647235866	-0.9360987954	-0.08210524147	0.3420201377
7.75	0.003693474335	-0.1495869921	2.650656067	-0.9394063106	-0.02319501882	0.3420201377
7.76	-0.005701696051	-0.1495239132	2.654076269	-0.9390101752	0.0358066512	0.3420201377
7.77	-0.01507438725	-0.1488713297	2.65749647	-0.9349119508	0.09466715193	0.3420201377
7.78	-0.02438764701	-0.1476318145	2.660916672	-0.9271277949	0.1531544232	0.3420201377
7.79	-0.03360475741	-0.1458102543	2.664336873	-0.9156883968	0.2110378765	0.3420201377
7.8	-0.04268937956	-0.1434138307	2.667757074	-0.900638857	0.2680893036	0.3420201377
7.81	-0.05160569696	-0.1404519918	2.671177276	-0.8820385088	0.3240837769	0.3420201377
7.82	-0.06031855663	-0.1369364148	2.674597477	-0.8599606849	0.3788005356	0.3420201377
7.83	-0.06879360773	-0.1328809599	2.678017678	-0.8344924282	0.4320238565	0.3420201377
7.84	-0.07699743701	-0.128301616	2.68143788	-0.8057341484	0.4835439044	0.3420201377
7.85	-0.0848977005	-0.1232164373	2.684858081	-0.7737992262	0.5331575591	0.3420201377
7.86	-0.09246325107	-0.1176454724	2.688278283	-0.7388135666	0.5806692167	0.3420201377
7.87	-0.0996642612	-0.111610685	2.691698484	-0.7009151019	0.6258915604	0.3420201377
7.88	-0.1064723406	-0.1051358676	2.695118685	-0.6602532486	0.668646299	0.3420201377
7.89	-0.1128606481	-0.09824654742	2.698538887	-0.6169883178	0.7087648701	0.3420201377
7.9	-0.1188039975	-0.09096988589	2.701959088	-0.5712908834	0.7460891046	0.3420201377
7.91	-0.124278957	-0.08333457158	2.705379289	-0.5233411095	0.7804718499	0.3420201377
7.92	-0.1292639412	-0.07537070705	2.708799491	-0.4733280403	0.8117775506	0.3420201377
7.93	-0.1337392966	-0.0671096902	2.712219692	-0.4214488544	0.8398827826	0.3420201377
7.94	-0.1376873789	-0.05858409043	2.715639894	-0.3679080879	0.8646767397	0.3420201377
7.95	-0.1410926227	-0.04982752032	2.719060095	-0.3129168276	0.8860616708	0.3420201377
7.96	-0.1439416027	-0.04087450301	2.722480296	-0.2566918789	0.9039532647	0.3420201377
7.97	-0.1462230865	-0.03176033617	2.725900498	-0.1994549112	0.918280983	0.3420201377
7.98	-0.1479280793	-0.02252095281	2.729320699	-0.1414315837	0.9289883382	0.3420201377
7.99	-0.1490498592	-0.0131927796	2.7327409	-0.08285065591	0.936033116	0.3420201377
8	-0.1495840035	-0.003812593281	2.736161102	-0.02394308581	0.939387542	0.3420201377
8.01	-0.1495284063	0.005582624358	2.739581303	0.03505888097	0.9390383913	0.3420201377
8.02	-0.1488832867	0.01495583225	2.743001505	0.09392262656	0.9349870403	0.3420201377
8.03	-0.1476511882	0.02427007612	2.746421706	0.1524160781	0.9272494619	0.3420201377
8.04	-0.1458369684	0.03348863415	2.749841907	0.2103086225	0.9158561616	0.3420201377
8.05	-0.1434477799	0.04257516176	2.753262109	0.2673720159	0.9008520581	0.3420201377
8.06	-0.1404930423	0.05149383492	2.75668231	0.3233812833	0.8822963057	0.3420201377
8.07	-0.1369844047	0.06020949138	2.760102511	0.3781156058	0.8602620612	0.3420201377
8.08	-0.1329357	0.06868776926	2.763522713	0.431359191	0.8348361958	0.3420201377
8.09	-0.1283628904	0.07689524259	2.766942914	0.4829021235	0.8061189519	0.3420201377
8.1	-0.1232840045	0.08479955304	2.770363116	0.5325411931	0.7742235485	0.3420201377
8.11	-0.117719066	0.09236953752	2.773783317	0.5800806956	0.7392757347	0.3420201377
8.12	-0.1116900149	0.09957535103	2.777203518	0.6253332045	0.7014132938	0.3420201377
8.13	-0.105220621	0.1063885843	2.78062372	0.6681203097	0.6607855001	0.3420201377
8.14	-0.09833639021	0.112782376	2.784043921	0.7082733211	0.6175525305	0.3420201377
8.15	-0.09106446384	0.1187315181	2.787464123	0.7456339338	0.5718848329	0.3420201377
8.16	-0.08343351181	0.124212556	2.790884324	0.7800548519	0.5239624542	0.3420201377
8.17	-0.07547361948	0.1292038805	2.794304525	0.8114003695	0.4739743304	0.3420201377
8.18	-0.06721616909	0.1336858129	2.797724727	0.8395469053	0.4221175419	0.3420201377
8.19	-0.058693716	0.1376406832	2.801144928	0.8643834905	0.3685965365	0.3420201377
8.2	-0.04993986034	0.141052899	2.804565129	0.8858122058	0.313622323	0.3420201377
8.21	-0.04098911459	0.1439090076	2.807985331	0.9037485675	0.2574116396	0.3420201377
8.22	-0.03187676745	0.1461977485	2.811405532	0.9181218606	0.2001860996	0.3420201377
8.23	-0.02263874475	0.1479100984	2.814825734	0.9288754179	0.142171317	0.3420201377
8.24	-0.0133114678	0.1490393062	2.818245935	0.935966843	0.08359601781	0.3420201377
8.25	-0.00393170981	0.14958092	2.821666136	0.9393681776	0.02469113761	0.3420201377
8.26	0.005463549124	0.1495328044	2.825086338	0.9390660118	-0.0343110885	0.3420201377
8.27	0.01483726777	0.1488951492	2.828506539	0.935061537	-0.09317804162	0.3420201377
8.28	0.02415248984	0.1476704683	2.83192674	0.9273705409	-0.1516776362	0.3420201377
8.29	0.03337248966	0.1458635901	2.835346942	0.9160233456	-0.2095792351	0.3420201377
8.3	0.04246091696	0.1434816382	2.838767143	0.9010646879	-0.2666545585	0.3420201377
8.31	0.05138194024	0.1405340037	2.842187345	0.8825535431	-0.3226785847	0.3420201377
8.32	0.06010038795	0.1370323076	2.845607546	0.860562892	-0.3774304363	0.3420201377
8.33	0.06858188723	0.1329903557	2.849027747	0.8351794339	-0.4306942518	0.3420201377
8.34	0.07679299941	0.1284240835	2.852447949	0.8065032441	-0.4822600363	0.3420201377
8.35	0.08470135181	0.1233514936	2.85586815	0.7746473798	-0.5319244893	0.3420201377
8.36	0.0922757654	0.117792585	2.859288351	0.7397374341	-0.5794918067	0.3420201377
8.37	0.09948637772	0.111769274	2.862708553	0.701911041	-0.6247744521	0.3420201377
8.38	0.1063047606	0.1053053078	2.866128754	0.6613173327	-0.6675938967	0.3420201377
8.39	0.1127040323	0.09842617065	2.869548956	0.6181163517	-0.707781323	0.3420201377
8.4	0.1186589634	0.09115898404	2.872969157	0.5724784198	-0.7451782902	0.3420201377
8.41	0.1241460763	0.08353239913	2.876389358	0.5245834665	-0.7796373593	0.3420201377
8.42	0.1291437379	0.07557648405	2.87980956	0.4746203199	-0.8110226738	0.3420201377
8.43	0.1336322445	0.06732260536	2.883229761	0.4227859617	-0.8392104956	0.3420201377
8.44	0.1375939002	0.05880330434	2.886649962	0.3692847513	-0.8640896932	0.3420201377
8.45	0.1410130858	0.0500521687	2.890070164	0.3143276194	-0.8855621791	0.3420201377
8.46	0.1438763212	0.04110370018	2.893490365	0.2581312371	-0.9035432971	0.3420201377
8.47	0.1461723178	0.03199317852	2.896910567	0.2009171611	-0.917962156	0.3420201377
8.48	0.1478920237	0.02275652234	2.900330768	0.1429109603	-0.9287619086	0.3420201377
8.49	0.1490286587	0.01343014756	2.903750969	0.0843413267	-0.9358999765	0.3420201377
8.5	0.1495777416	0.004050823845	2.907171171	0.02543917375	-0.9393482176	0.3420201377
8.51	0.1495371078	-0.005344470425	2.910591372	-0.03356327427	-0.9390930369	0.3420201377
8.52	0.1489069173	-0.01471869389	2.914011573	-0.0924333976	-0.9351354407	0.3420201377
8.53	0.1476896547	-0.02403488825	2.917431775	-0.1509390982	-0.9274910318	0.3420201377
8.54	0.1458901192	-0.033256324	2.920851976	-0.2088497147	-0.9161899487	0.3420201377
8.55	0.1435154055	-0.04234664524	2.924272178	-0.2659369321	-0.9012767464	0.3420201377
8.56	0.1405748759	-0.05127001296	2.927692379	-0.3219756814	-0.8828102208	0.3420201377
8.57	0.1370801237	-0.0599912464	2.93111258	-0.3767450274	-0.8608631771	0.3420201377
8.58	0.1330449271	-0.06847596171	2.934532782	-0.4300290396	-0.8355221424	0.3420201377
8.59	0.1284851951	-0.07669070753	2.937952983	-0.4816176433	-0.806887025	0.3420201377
8.6	0.1234189044	-0.08460309686	2.941373184	-0.5313074483	-0.7750707199	0.3420201377
8.61	0.1178660294	-0.09218193476	2.944793386	-0.5789025503	-0.7401986643	0.3420201377
8.62	0.1118484623	-0.09939734132	2.948213587	-0.6242153035	-0.702408343	0.3420201377
8.63	0.1053899277	-0.1062208695	2.951633789	-0.6670670604	-0.6618487458	0.3420201377
8.64	0.09851588868	-0.1126256172	2.95505399	-0.707288876	-0.6186797809	0.3420201377
8.65	0.09125344644	-0.1185863335	2.958474191	-0.7447221741	-0.5730716437	0.3420201377
8.66	0.08363123348	-0.1240795179	2.961894393	-0.7792193723	-0.5252041463	0.3420201377
8.67	0.0756793007	-0.1290835133	2.965314594	-0.8106444638	-0.4752660084	0.3420201377
8.68	0.06742899894	-0.1335785914	2.968734795	-0.8388735538	-0.4234541134	0.3420201377
8.69	0.05891285539	-0.1375470299	2.972154997	-0.8637953479	-0.3699727319	0.3420201377
8.7	0.05016444532	-0.1409731833	2.975575198	-0.8853115908	-0.3150327166	0.3420201377
8.71	0.04121825971	-0.1438435436	2.9789954	-0.9033374539	-0.258850671	0.3420201377
8.72	0.03210956929	-0.1461467945	2.982415601	-0.9178018692	-0.2016480952	0.3420201377
8.73	0.02287428549	-0.1478738551	2.985835802	-0.9286478103	-0.1436505129	0.3420201377
8.74	0.01354881881	-0.1490179166	2.989256004	-0.9358325165	-0.08508658211	0.3420201377
8.75	0.004169935312	-0.1495744684	2.992676205	-0.9393276618	-0.02618719376	0.3420201377
8.76	-0.005225388337	-0.1495413163	2.996096407	-0.9391194665	0.03281543876	0.3420201377
8.77	-0.01460011066	-0.148918591	2.999516608	-0.9352087514	0.09168869496	0.3420201377
8.78	-0.02391727141	-0.1477087475	3.002936809	-0.9276109345	0.1502004645	0.3420201377
8.79	-0.03314013726	-0.1459165559	3.006357011	-0.9163559708	0.208120062	0.3420201377
8.8	-0.04223234666	-0.1435490817	3.009777212	-0.9014882333	0.265219137	0.3420201377
8.81	-0.05115805318	-0.140615659	3.013197413	-0.8830663387	0.321272574	0.3420201377
8.82	-0.05988206682	-0.1371278529	3.016617615	-0.8611629163	0.3760593796	0.3420201377
8.83	-0.06836999277	-0.1330994142	3.020037816	-0.8358643211	0.4293635546	0.3420201377
8.84	-0.07658836702	-0.1285462252	3.023458018	-0.8072702941	0.4809749449	0.3420201377
8.85	-0.08450478827	-0.123486237	3.026878219	-0.7754935684	0.5306900703	0.3420201377
8.86	-0.09208804566	-0.1179393989	3.03029842	-0.7406594252	0.5783129267	0.3420201377
8.87	-0.09930824188	-0.1119275796	3.033718622	-0.7029051996	0.623655759	0.3420201377
8.88	-0.106136911	-0.1054744808	3.037138823	-0.6623797393	0.666539801	0.3420201377
8.89	-0.1125471307	-0.09860554423	3.040559024	-0.6192428178	0.7067959805	0.3420201377
8.9	-0.1185136283	-0.09134785097	3.043979226	-0.5736645041	0.7442655857	0.3420201377
8.91	-0.1240128808	-0.0837300148	3.047399427	-0.5258244929	0.7788008911	0.3420201377
8.92	-0.129023207	-0.07578206935	3.050819629	-0.4759113955	0.8102657397	0.3420201377
8.93	-0.1335248535	-0.06753534977	3.05423983	-0.4241219965	0.83853608	0.3420201377
8.94	-0.1375000724	-0.05902236909	3.057660031	-0.3706604779	0.8635004549	0.3420201377
8.95	-0.1409331913	-0.05027669012	3.061080233	-0.315737614	0.8850604412	0.3420201377
8.96	-0.1438106748	-0.04133279309	3.064500434	-0.2595699406	0.9031310377	0.3420201377
8.97	-0.1461211784	-0.03222593971	3.067920635	-0.2023789014	0.9176410004	0.3420201377
8.98	-0.1478555928	-0.02299203414	3.071340837	-0.1443899744	0.9285331231	0.3420201377
8.99	-0.1490070801	-0.01366748146	3.074761038	-0.08583178356	0.9357644631	0.3420201377
9	-0.1495711004	-0.004289044134	3.07818124	-0.02693519716	0.9393065104	0.3420201377
9.01	-0.14954543	0.005106302936	3.081601441	0.03206758244	0.9391453005	0.3420201377
9.02	-0.1489301702	0.01448151818	3.085021642	0.09094393418	0.935281469	0.3420201377
9.03	-0.1477277467	0.0237996394	3.088441844	0.1494617355	0.9277302491	0.3420201377
9.04	-0.1459429	0.0330239295	3.091862045	0.2073902773	0.9165214118	0.3420201377
9.05	-0.143582667	0.0421180213	3.095282246	0.2645011738	0.9016991485	0.3420201377
9.06	-0.140656353	0.05104606095	3.098702448	0.3205692628	0.8833218967	0.3420201377
9.07	-0.1371754951	0.05977284926	3.102122649	0.3753734933	0.8614621094	0.3420201377
9.08	-0.1331538168	0.06826398048	3.105542851	0.4286977974	0.8362059698	0.3420201377
9.09	-0.1286071738	0.07648597795	3.108963052	0.4803319415	0.8076530513	0.3420201377
9.1	-0.1235534913	0.08440642608	3.112383253	0.5300723558	0.7759159252	0.3420201377
9.11	-0.1180126937	0.09199409817	3.115803455	0.5777229365	0.7411197164	0.3420201377
9.12	-0.1120066259	0.09921907947	3.119223656	0.6230958191	0.7034016105	0.3420201377
9.13	-0.105558967	0.1060528852	3.122643857	0.666012119	0.6629103127	0.3420201377
9.14	-0.09869513725	0.1124685727	3.126064059	0.7063026368	0.6198054619	0.3420201377
9.15	-0.09144219758	0.118440848	3.12948426	0.7438085254	0.5742570008	0.3420201377
9.16	-0.08382874302	0.123946165	3.132904462	0.7783819161	0.5264445062	0.3420201377
9.17	-0.07588478995	0.1289628188	3.136324663	0.8098865019	0.4765564809	0.3420201377
9.18	-0.06764165776	0.133471031	3.139744864	0.8381980744	0.4247896107	0.3420201377
9.19	-0.05913184535	0.1374530277	3.143165066	0.8632050142	0.3713479888	0.3420201377
9.2	-0.05038890305	0.1408931099	3.146585267	0.8848087302	0.3164423111	0.3420201377
9.21	-0.04144730027	0.1437777148	3.150005468	0.9029240489	0.2602890457	0.3420201377
9.22	-0.03234228969	0.1460954697	3.15342567	0.9174795498	0.2031095792	0.3420201377
9.23	-0.0231097682	0.1478372368	3.156845871	0.9284178471	0.1451293443	0.3420201377
9.24	-0.01378613544	0.1489961491	3.160266073	0.9356958162	0.08657693058	0.3420201377
9.25	-0.004408150237	0.1495676375	3.163686274	0.9392847634	0.02768318349	0.3420201377
9.26	0.004987214296	0.1495494489	3.167106475	0.939170539	-0.03131970578	0.3420201377
9.27	0.01436291652	0.148941655	3.170526677	0.9353535935	-0.09019911573	0.3420201377
9.28	0.02368199231	0.1477466521	3.173946878	0.9278489753	-0.1487229117	0.3420201377
9.29	0.0329077008	0.1459691515	3.17736708	0.9166862716	-0.206660361	0.3420201377
9.3	0.04200366924	0.1436161611	3.180787281	0.901909492	-0.2637830428	0.3420201377
9.31	0.05093403636	0.1406969577	3.184207482	0.8835768945	-0.3198657483	0.3420201377
9.32	0.0596635938	0.1372230503	3.187627684	0.8617607562	-0.374687369	0.3420201377
9.33	0.06815792489	0.1332081351	3.191047885	0.8365470882	-0.4280317683	0.3420201377
9.34	0.07638354037	0.1286680408	3.194468086	0.8080352964	-0.4796886335	0.3420201377
9.35	0.08430801038	0.1236206672	3.197888288	0.77633779	-0.5294543052	0.3420201377
9.36	0.09190009234	0.1180859136	3.201308489	0.7415795376	-0.5771325799	0.3420201377
9.37	0.09912985415	0.1120856012	3.204728691	0.7038975753	-0.622535484	0.3420201377
9.38	0.1059687921	0.1056433863	3.208148892	0.6634404658	-0.6654840146	0.3420201377
9.39	0.1123899435	0.09878466768	3.211569093	0.6203677131	-0.7058088452	0.3420201377
9.4	0.1183679926	0.0915364862	3.214989295	0.5748491333	-0.7433509934	0.3420201377
9.41	0.1238793706	0.08392741808	3.218409496	0.5270641856	-0.7779624475	0.3420201377
9.42	0.1289023488	0.07598746243	3.221829697	0.4772012641	-0.8095067504	0.3420201377
9.43	0.1334171238	0.06774792286	3.225249899	0.4254569556	-0.8378595374	0.3420201377
9.44	0.1374058959	0.05924128412	3.2286701	0.3720352643	-0.8629090262	0.3420201377
9.45	0.1408529392	0.05050108402	3.232090302	0.3171468076	-0.8845564582	0.3420201377
9.46	0.1437446636	0.04156178116	3.235510503	0.2610079857	-0.9027164875	0.3420201377
9.47	0.1460696684	0.03245861916	3.238930704	0.2038401283	-0.9173175173	0.3420201377
9.48	0.147818787	0.02322748762	3.242350906	0.1458686222	-0.9283019823	0.3420201377
9.49	0.1489851236	0.01390478069	3.245771107	0.08732202271	-0.935626576	0.3420201377
9.5	0.1495640797	0.004527253544	3.249191308	0.02843115226	-0.9392624207	0.3420201377
9.51	0.1495533729	-0.004868122494	3.25261151	-0.03057180926	-0.939195182	0.3420201377
9.52	0.1489530454	-0.01424430575	3.256031711	-0.08945424008	-0.9354251249	0.3420201377
9.53	0.1477654639	-0.02356433019	3.259451913	-0.1479839936	-0.9279671131	0.3420201377
9.54	0.1459953105	-0.03279145123	3.262872114	-0.2059303137	-0.9168505501	0.3420201377
9.55	0.1436495643	-0.04188929053	3.266292315	-0.2630647445	-0.9021192635	0.3420201377
9.56	0.1407374732	-0.05082197946	3.269712517	-0.319162031	-0.883831332	0.3420201377
9.57	0.1372705185	-0.0595543005	3.273132718	-0.3740010071	-0.8620588565	0.3420201377
9.58	0.1332623688	-0.06805182609	3.276552919	-0.4273654678	-0.836887676	0.3420201377
9.59	0.1287288263	-0.07628105435	3.279973121	-0.4790450213	-0.8084170291	0.3420201377
9.6	0.1236877647	-0.0842095412	3.283393322	-0.5288359188	-0.7767591624	0.3420201377
9.61	0.1181590587	-0.09180602823	3.286813524	-0.5765418573	-0.7420388886	0.3420201377
9.62	0.1121645054	-0.09904056596	3.290233725	-0.6219747542	-0.7043930937	0.3420201377
9.63	0.1057277386	-0.1058846319	3.293653926	-0.6649554883	-0.6639701981	0.3420201377
9.64	0.09887413548	-0.112311243	3.297074128	-0.705314606	-0.6209295708	0.3420201377
9.65	0.09163071677	-0.1182950621	3.300494329	-0.7428929899	-0.5754409013	0.3420201377
9.66	0.08402603992	-0.1238124977	3.30391453	-0.7775424855	-0.5276835307	0.3420201377
9.67	0.07609008672	-0.1288417971	3.307334732	-0.8091264856	-0.4778457446	0.3420201377
9.68	0.067854145	-0.133363132	3.310754933	-0.837520469	-0.4261240306	0.3420201377
9.69	0.05935068532	-0.1373586769	3.314175135	-0.862612491	-0.3727223038	0.3420201377
9.7	0.05061323296	-0.1408126792	3.317595336	-0.8843036253	-0.317851103	0.3420201377
9.71	0.0416762357	-0.1437115213	3.321015537	-0.9025083536	-0.2617267602	0.3420201377
9.72	0.03257492804	-0.1460437744	3.324435739	-0.9171549031	-0.2045705481	0.3420201377
9.73	0.0233451923	-0.1478002435	3.32785594	-0.9281855289	-0.1466078077	0.3420201377
9.74	0.01402341711	-0.1489740036	3.331276141	-0.9355567425	-0.08806705945	0.3420201377
9.75	0.00464635398	-0.1495604271	3.334696343	-0.9392394824	-0.02917910299	0.3420201377
9.76	-0.004749027605	-0.1495572021	3.338116544	-0.9392192293	0.02982389336	0.3420201377
9.77	-0.01412568594	-0.1489643413	3.341536746	-0.9354960631	0.0887093077	0.3420201377
9.78	-0.02344665314	-0.1477841819	3.344956947	-0.9280846625	0.1472449817	0.3420201377
9.79	-0.03267518087	-0.1460213769	3.348377148	-0.9170142472	0.2052001359	0.3420201377
9.8	-0.04177488527	-0.1436828763	3.35179735	-0.9023284629	0.2623462795	0.3420201377
9.81	-0.05070989034	-0.1407778995	3.355217551	-0.884085209	0.3184581113	0.3420201377
9.82	-0.05944496944	-0.1373178997	3.358637753	-0.8623564101	0.3733144081	0.3420201377
9.83	-0.06794568412	-0.133316518	3.362057954	-0.8372277332	0.4266988963	0.3420201377
9.84	-0.07617851996	-0.1287895301	3.365478155	-0.8087982491	0.4784011054	0.3420201377
9.85	-0.08411101863	-0.1237547838	3.368898357	-0.7771800423	0.528217197	0.3420201377
9.86	-0.09171190591	-0.1182321288	3.372318558	-0.742497769	0.5759507691	0.3420201377
9.87	-0.09895121496	-0.1122433385	3.375738759	-0.7048881655	0.62141363	0.3420201377
9.88	-0.1058004045	-0.1058120238	3.379158961	-0.6644995094	0.6644265402	0.3420201377
9.89	-0.1122324713	-0.09896354057	3.382579162	-0.6214910348	0.7048199196	0.3420201377
9.9	-0.1182220566	-0.09172488923	3.385999364	-0.5760323044	0.7424345154	0.3420201377
9.91	-0.1237455463	-0.08412460848	3.389419565	-0.5283025413	0.7771220305	0.3420201377
9.92	-0.1287811637	-0.07619266276	3.392839766	-0.4784899221	0.8087457078	0.3420201377
9.93	-0.1333090556	-0.06796032411	3.396259968	-0.4267908354	0.8371808695	0.3420201377
9.94	-0.1373113708	-0.05946004889	3.399680169	-0.373409107	0.8623154088	0.3420201377
9.95	-0.1407723299	-0.05072534981	3.40310037	-0.3185551968	0.8840502316	0.3420201377
9.96	-0.1436782878	-0.04179066381	3.406520572	-0.2624453687	0.9022996475	0.3420201377
9.97	-0.1460177878	-0.03269121627	3.409940773	-0.2053008382	0.9169917073	0.3420201377
9.98	-0.1477816062	-0.02346288218	3.413360975	-0.1473469001	0.9280684869	0.3420201377
9.99	-0.1489627891	-0.01414204464	3.416781176	-0.08881204035	0.9354863157	0.3420201377
10	-0.1495566797	-0.00476545147	3.420201377	-0.02992703523	0.9392159485	0.3420201377
