0	1	0	-0	5
0.01	0.9995500337	0.04997916927	-0.08998650061	4.993751302
0.02	0.9982005399	0.09983341665	-0.1798920194	4.975020826
0.03	0.995952733	0.1494381325	-0.2696356476	4.94385539
0.04	0.9928086359	0.1986693308	-0.3591366219	4.900332889
0.05	0.9887710779	0.2474039593	-0.4483143974	4.844562109
0.06	0.9838436928	0.2955202067	-0.5370887203	4.776682446
0.07	0.9780309147	0.3428978075	-0.6253796995	4.696863564
0.08	0.9713379749	0.3894183423	-0.7131078793	4.60530497
0.09	0.9637708964	0.4349655341	-0.8001943101	4.502235512
0.1	0.9553364891	0.4794255386	-0.88656062	4.387912809
0.11	0.9460423435	0.5226872289	-0.9721290852	4.26262261
0.12	0.9358968237	0.5646424734	-1.0568227	4.126678075
0.13	0.9249090599	0.6051864057	-1.140565245	3.980418993
0.14	0.9130889403	0.6442176872	-1.223281359	3.824210936
0.15	0.9004471024	0.68163876	-1.304896602	3.658444344
0.16	0.8869949228	0.7173560909	-1.385337527	3.483533547
0.17	0.8727445076	0.7512804051	-1.464531741	3.299915729
0.18	0.8577086814	0.7833269096	-1.542407975	3.108049841
0.19	0.8419009752	0.8134155048	-1.618896146	2.908415447
0.2	0.8253356149	0.8414709848	-1.69392742	2.701511529
0.21	0.8080275083	0.8674232256	-1.767434274	2.487855239
0.22	0.7899922315	0.8912073601	-1.839350556	2.267980607
0.23	0.771246015	0.9127639403	-1.909611547	2.042437204
0.24	0.7518057291	0.932039086	-1.978154016	1.811788772
0.25	0.7316888689	0.9489846194	-2.04491628	1.576611812
0.26	0.710913538	0.9635581854	-2.109838258	1.337494143
0.27	0.689498433	0.9757233578	-2.172861523	1.095033435
0.28	0.6674628258	0.98544973	-2.23392936	0.8498357145
0.29	0.6448265472	0.992712991	-2.292986811	0.6025138468
0.3	0.6216099683	0.9974949866	-2.349980729	0.3536860083
0.31	0.5978339823	0.9997837642	-2.404859823	0.103974139
0.32	0.5735199861	0.999573603	-2.457574705	-0.1459976115
0.33	0.5486898606	0.9968650285	-2.508077936	-0.395604444
0.34	0.5233659513	0.9916648105	-2.556324066	-0.6442224715
0.35	0.4975710479	0.9839859469	-2.602269677	-0.8912302782
0.36	0.4713283642	0.9738476309	-2.645873421	-1.136010473
0.37	0.4446615167	0.961275203	-2.687096057	-1.377951234
0.38	0.417594504	0.9463000877	-2.725900488	-1.616447834
0.39	0.3901516843	0.928959715	-2.762251793	-1.850904157
0.4	0.3623577545	0.9092974268	-2.796117258	-2.080734183
0.41	0.3342377271	0.8873623686	-2.827466406	-2.305363457
0.42	0.3058169084	0.8632093666	-2.856271025	-2.524230523
0.43	0.2771208751	0.8368987908	-2.882505193	-2.736788327
0.44	0.2481754517	0.8084964038	-2.9061453	-2.942505586
0.45	0.2190066871	0.7780731969	-2.927170073	-3.140868114
0.46	0.1896408313	0.7457052122	-2.945560591	-3.331380106
0.47	0.1601043116	0.7114733528	-2.961300303	-3.513565384
0.48	0.1304237087	0.6754631806	-2.974375045	-3.686968578
0.49	0.1006257334	0.6377647021	-2.984773049	-3.85115627
0.5	0.07073720167	0.5984721441	-2.99248496	-4.005718078
0.51	0.04078501124	0.5576837174	-2.997503836	-4.150267676
0.52	0.01079611706	0.5155013718	-2.999825161	-4.284443767
0.53	-0.0192024929	0.4720305413	-2.999446845	-4.407910979
0.54	-0.04918382191	0.4273798802	-2.99636923	-4.52036071
0.55	-0.07912088881	0.3816609921	-2.990595085	-4.621511893
0.56	-0.1089867522	0.3349881502	-2.982129607	-4.711111703
0.57	-0.138754535	0.2874780123	-2.970980412	-4.788936188
0.58	-0.1683974479	0.2392493292	-2.957157537	-4.854790826
0.59	-0.1978888146	0.1904226474	-2.940673418	-4.908511015
0.6	-0.2272020947	0.1411200081	-2.921542893	-4.949962483
0.61	-0.2563109082	0.09146464223	-2.899783175	-4.979041623
0.62	-0.2851890592	0.04158066243	-2.875413849	-4.995675751
0.63	-0.3138105594	-0.008407247367	-2.848456845	-4.999823292
0.64	-0.3421496512	-0.05837414343	-2.818936421	-4.991473879
0.65	-0.3701808314	-0.1081951345	-2.786879145	-4.97064838
0.66	-0.3978788738	-0.1577456941	-2.752313866	-4.93739885
0.67	-0.4252188521	-0.2069019717	-2.71527169	-4.891808393
0.68	-0.4521761621	-0.255541102	-2.675785953	-4.833990963
0.69	-0.4787265442	-0.3035415127	-2.633892189	-4.764091073
0.7	-0.5048461046	-0.3507832277	-2.5896281	-4.682283436
0.71	-0.5305113376	-0.3971481673	-2.54303352	-4.58877253
0.72	-0.5556991463	-0.4425204433	-2.494150382	-4.483792082
0.73	-0.5803868632	-0.4867866487	-2.443022677	-4.367604488
0.74	-0.6045522711	-0.5298361409	-2.389696417	-4.240500159
0.75	-0.6281736227	-0.5715613187	-2.334219591	-4.102796787
0.76	-0.6512296605	-0.6118578909	-2.276642125	-3.95483856
0.77	-0.6736996356	-0.6506251371	-2.217015834	-3.796995296
0.78	-0.6955633265	-0.6877661592	-2.155394379	-3.629661521
0.79	-0.7168010573	-0.7231881241	-2.091833215	-3.453255483
0.8	-0.7373937155	-0.7568024953	-2.026389542	-3.268218104
0.81	-0.7573227692	-0.7885252544	-1.959122255	-3.075011883
0.82	-0.7765702835	-0.8182771111	-1.89009189	-2.874119733
0.83	-0.795118937	-0.8459837011	-1.81936057	-2.66604378
0.84	-0.8129520371	-0.8715757724	-1.746991949	-2.451304107
0.85	-0.8300535352	-0.8949893582	-1.673051152	-2.23043745
0.86	-0.8464080412	-0.9161659367	-1.597604723	-2.00399586
0.87	-0.8620008371	-0.9350525776	-1.520720557	-1.772545325
0.88	-0.8768178904	-0.9516020739	-1.442467845	-1.53666435
0.89	-0.8908458668	-0.9657730606	-1.362917009	-1.296942514
0.9	-0.904072142	-0.9775301177	-1.282139641	-1.053978997
0.91	-0.9164848133	-0.9868438585	-1.200208433	-0.8083810818
0.92	-0.9280727102	-0.9936910036	-1.117197118	-0.5607626347
0.93	-0.9388254043	-0.9980544388	-1.033180402	-0.311742573
0.94	-0.9487332188	-0.9999232576	-0.9482338927	-0.06194331731
0.95	-0.9577872376	-0.999292789	-0.862434037	0.1880107644
0.96	-0.9659793124	-0.9961646088	-0.775858049	0.4374949172
0.97	-0.9733020711	-0.990546536	-0.6885838411	0.6858855605
0.98	-0.9797489236	-0.9824526126	-0.6006899542	0.9325618471
0.99	-0.9853140682	-0.9719030694	-0.5122554869	1.176907215
1	-0.9899924966	-0.9589242747	-0.4233600242	1.418310927
1.01	-0.9937799986	-0.9435486686	-0.3340835661	1.656169601
1.02	-0.9966731657	-0.9258146823	-0.2445064553	1.889888714
1.03	-0.9986693942	-0.9057666415	-0.1547093052	2.118884088
1.04	-0.9997668877	-0.8834546557	-0.06477292718	2.342583357
1.05	-0.9999646585	-0.8589344934	0.0252217421	2.560427386
1.06	-0.9992625285	-0.8322674422	0.1151937135	2.771871681
1.07	-0.9976611298	-0.8035201559	0.2050620184	2.97638774
1.08	-0.9951619033	-0.7727644876	0.2947457812	3.17346438
1.09	-0.9917670983	-0.7400773105	0.3841642928	3.362609011
1.1	-0.9874797699	-0.7055403256	0.4732370824	3.543348871
1.11	-0.9823037763	-0.6692398573	0.5618839906	3.715232205
1.12	-0.9762437757	-0.6312666379	0.6500252412	3.877829393
1.13	-0.9693052215	-0.5917155806	0.7375815129	4.030734026
1.14	-0.9614943581	-0.5506855426	0.824474011	4.173563924
1.15	-0.9528182146	-0.5082790775	0.9106245381	4.305962086
1.16	-0.943284599	-0.4646021794	0.9959555647	4.427597585
1.17	-0.932902091	-0.4197640178	1.080390298	4.538166395
1.18	-0.9216800341	-0.3738766648	1.163852754	4.637392154
1.19	-0.9096285274	-0.3270548149	1.24626782	4.725026847
1.2	-0.8967584163	-0.2794154982	1.32756133	4.800851433
1.21	-0.8830812833	-0.2310777883	1.407660124	4.864676391
1.22	-0.8686094366	-0.1821625043	1.486492119	4.916342192
1.23	-0.8533559002	-0.1327919089	1.563986371	4.955719698
1.24	-0.837334401	-0.08308940282	1.640073141	4.982710485
1.25	-0.8205593573	-0.03317921655	1.714683956	4.997247091
1.26	-0.8030458657	0.01681390048	1.787751671	4.999293182
1.27	-0.7848096869	0.06676499152	1.859210531	4.988843643
1.28	-0.7658672324	0.1165492049	1.928996226	4.965924594
1.29	-0.7462355491	0.1660421059	1.997045955	4.930593319
1.3	-0.7259323042	0.2151199881	2.063298478	4.882938129
1.31	-0.7049757692	0.2636601824	2.127694171	4.823078136
1.32	-0.6833848036	0.3115413635	2.190175083	4.75116296
1.33	-0.6611788378	0.3586438535	2.250684985	4.667372351
1.34	-0.6383778556	0.4048499206	2.309169422	4.571915741
1.35	-0.6150023765	0.4500440738	2.365575763	4.465031723
1.36	-0.5910734368	0.4941133511	2.419853246	4.346987452
1.37	-0.5666125708	0.5369476024	2.471953024	4.218077975
1.38	-0.5416417918	0.5784397644	2.521828211	4.078625501
1.39	-0.5161835718	0.6184861282	2.569433922	3.928978586
1.4	-0.4902608213	0.6569865987	2.614727317	3.769511272
1.41	-0.4638968693	0.6938449449	2.657667634	3.600622142
1.42	-0.4371154413	0.7289690401	2.698216229	3.422733332
1.43	-0.409940639	0.7622710924	2.736336612	3.236289472
1.44	-0.3823969177	0.7936678638	2.771994476	3.041756573
1.45	-0.354509065	0.823080879	2.805157733	2.839620866
1.46	-0.3263021782	0.8504366206	2.835796537	2.630387587
1.47	-0.2978016413	0.8756667136	2.863883315	2.414579708
1.48	-0.2690331031	0.8987080958	2.889392792	2.192736638
1.49	-0.2400224533	0.9195031758	2.91230201	1.965412868
1.5	-0.2107957994	0.9379999768	2.932590353	1.733176589
1.51	-0.1813794436	0.9541522663	2.950239563	1.496608272
1.52	-0.1517998585	0.967919672	2.965233756	1.256299213
1.53	-0.1220836638	0.9792677827	2.977559439	1.01285006
1.54	-0.092257602	0.9881682339	2.987205519	0.7668693102
1.55	-0.06234851461	0.9945987791	2.994163316	0.5189717861
1.56	-0.03238331776	0.9985433454	2.998426568	0.2697771028
1.57	-0.002388978112	0.9999920733	2.999991439	0.01990811727
1.58	0.02760751145	0.9989413418	2.99885652	-0.2300106282
1.59	0.05757915612	0.9953937773	2.995022832	-0.4793544669
1.6	0.08749898344	0.9893582466	2.988493827	-0.727500169
1.61	0.1173400676	0.9808498356	2.979275378	-0.9738274997
1.62	0.1470755536	0.9698898108	2.967375782	-1.217720769
1.63	0.1766786815	0.9565055667	2.952805749	-1.45857037
1.64	0.2061228105	0.9407305567	2.93557839	-1.695774305
1.65	0.235381443	0.9226042102	2.915709208	-1.928739687
1.66	0.264428248	0.9021718338	2.893216085	-2.156884225
1.67	0.2932370854	0.8794844975	2.868119263	-2.379637675
1.68	0.3217820292	0.8545989081	2.840441327	-2.596443271
1.69	0.350037391	0.8275772664	2.810207185	-2.80675911
1.7	0.3779777427	0.7984871126	2.777444047	-3.010059513
1.71	0.40557794	0.7674011569	2.742181397	-3.205836336
1.72	0.4328131445	0.7343970979	2.704450968	-3.393600237
1.73	0.4596588463	0.6995574286	2.664286716	-3.572881904
1.74	0.4860908863	0.6629692301	2.621724786	-3.743233228
1.75	0.5120854772	0.6247239538	2.57680348	-3.904228418
1.76	0.5376192258	0.5849171929	2.529563226	-4.05546507
1.77	0.5626691534	0.5436484437	2.480046535	-4.196565172
1.78	0.5872127167	0.5010208565	2.428297969	-4.327176046
1.79	0.6112278282	0.457140978	2.3743641	-4.446971234
1.8	0.6346928759	0.4121184852	2.318293463	-4.555651309
1.81	0.6575867429	0.3660659109	2.260136518	-4.652944629
1.82	0.6798888262	0.3190983623	2.199945603	-4.738608011
1.83	0.7015790554	0.2713332341	2.137774885	-4.81242734
1.84	0.7226379109	0.2228899141	2.073680315	-4.874218107
1.85	0.743046441	0.1738894854	2.007719572	-4.923825867
1.86	0.7627862794	0.1244544235	1.939952017	-4.961126627
1.87	0.7818396617	0.07470829039	1.870438636	-4.986027154
1.88	0.8001894411	0.02477542545	1.799241986	-4.99846521
1.89	0.817819104	-0.02521936514	1.726426141	-4.998409706
1.9	0.8347127848	-0.07515112046	1.652056628	-4.985860781
1.91	0.8508552806	-0.1248950371	1.576200376	-4.9608498
1.92	0.866232064	-0.1743267812	1.498925649	-4.923439279
1.93	0.880829297	-0.2233227992	1.420301991	-4.873722723
1.94	0.8946338431	-0.2717606264	1.340400157	-4.811824399
1.95	0.9076332791	-0.3195191936	1.259292054	-4.73789902
1.96	0.9198159064	-0.3664791293	1.177050672	-4.652131361
1.97	0.9311707615	-0.4125230579	1.093750024	-4.554735796
1.98	0.9416876258	-0.4575358938	1.009465075	-4.445955763
1.99	0.9513570348	-0.5014051282	0.924271676	-4.326063157
2	0.9601702867	-0.5440211109	0.8382464946	-4.195357645
2.01	0.9681194501	-0.5852773241	0.7514669479	-4.054165925
2.02	0.9751973713	-0.6250706489	0.6640111316	-3.902840901
2.03	0.9813976807	-0.6633016226	0.5759577502	-3.741760807
2.04	0.9867147985	-0.6998746876	0.4873860456	-3.57132826
2.05	0.9911439396	-0.7346984304	0.3983757266	-3.391969252
2.06	0.994681118	-0.7676858098	0.3090068962	-3.204132088
2.07	0.9973231505	-0.7987543744	0.2193599805	-3.008286262
2.08	0.9990676595	-0.8278264691	0.1295156556	-2.804921287
2.09	0.9999130751	-0.8548294287	0.0395547754	-2.59454547
2.1	0.9998586364	-0.87969576	-0.05044170145	-2.37768464
2.11	0.9989043924	-0.90236331	-0.1403927842	-2.154880837
2.12	0.9970512019	-0.9227754216	-0.2302175229	-1.926690954
2.13	0.9943007325	-0.9408810753	-0.3198350813	-1.693685347
2.14	0.9906554597	-0.9566350163	-0.4091648098	-1.456446409
2.15	0.9861186638	-0.9699978679	-0.4981263176	-1.215567113
2.16	0.9806944277	-0.9809362301	-0.5866395453	-0.9716495323
2.17	0.9743876327	-0.9894227625	-0.674624837	-0.7253033339
2.18	0.9672039547	-0.9954362533	-0.7620030119	-0.477144255
2.19	0.9591498584	-0.9989616719	-0.8486954355	-0.2277925639
2.2	0.950232592	-0.9999902066	-0.9346240905	0.02212848994
2.21	0.9404601803	-0.9985192865	-1.019711647	0.2719942341
2.22	0.929841418	-0.9945525882	-1.103881532	0.5211801343
2.23	0.9183858612	-0.9881000264	-1.187057998	0.7690633556
2.24	0.9061038191	-0.9791777292	-1.269166191	1.015024319
2.25	0.8930063447	-0.9678079975	-1.350132221	1.25844825
2.26	0.8791052249	-0.9540192499	-1.429883223	1.498726716
2.27	0.8644129697	-0.937845951	-1.508347427	1.735259146
2.28	0.8489428012	-0.9193285257	-1.58545422	1.967454332
2.29	0.8327086414	-0.8985132578	-1.661134211	2.194731906
2.3	0.8157251001	-0.8754521747	-1.735319293	2.416523794
2.31	0.7980074613	-0.8502029171	-1.807942705	2.63227563
2.32	0.7795716696	-0.822828595	-1.878939091	2.841448149
2.33	0.760434316	-0.7933976299	-1.948244558	3.043518527
2.34	0.7406126229	-0.7619835839	-2.015796737	3.237981693
2.35	0.7201244284	-0.7286649758	-2.081534835	3.424351592
2.36	0.6989881705	-0.6935250848	-2.145399692	3.602162395
2.37	0.6772228705	-0.6566517422	-2.207333834	3.770969668
2.38	0.6548481156	-0.6181371122	-2.267281524	3.930351481
2.39	0.6318840415	-0.5780774614	-2.325188814	4.079909462
2.4	0.6083513145	-0.536572918	-2.381003592	4.219269794
2.41	0.5842711124	-0.4937272217	-2.434675626	4.348084149
2.42	0.5596651057	-0.4496474645	-2.486156617	4.466030558
2.43	0.5345554382	-0.4044438228	-2.535400235	4.572814216
2.44	0.5089647069	-0.3582292822	-2.582362164	4.66816822
2.45	0.4829159417	-0.311119355	-2.627000141	4.751854235
2.46	0.4564325847	-0.2632317914	-2.669273995	4.823663089
2.47	0.4295384692	-0.2146862854	-2.709145683	4.883415298
2.48	0.4022577981	-0.1656041754	-2.746579322	4.930961511
2.49	0.3746151221	-0.1161081413	-2.781541226	4.966182889
2.5	0.3466353178	-0.06632189735	-2.81399993	4.988991396
2.51	0.3183435651	-0.01636988316	-2.843926225	4.999330022
2.52	0.2897653247	0.03362304722	-2.871293177	4.997172928
2.53	0.2609263151	0.08353193749	-2.89607616	4.982525503
2.54	0.2318524894	0.1332320414	-2.918252869	4.955424359
2.55	0.2025700121	0.1825991346	-2.937803348	4.915937235
2.56	0.1731052354	0.2315098251	-2.954710002	4.864162828
2.57	0.1434846758	0.2798418616	-2.968957617	4.800230548
2.58	0.1137349896	0.3274744391	-2.98053337	4.724300191
2.59	0.08388294956	0.3742885011	-2.989426844	4.636561544
2.6	0.05395542056	0.4201670368	-2.995630036	4.537233907
2.61	0.02397933533	0.4649953737	-2.999137363	4.426565549
2.62	-0.006018329694	0.5086614644	-2.999945669	4.304833082
2.63	-0.03601057862	0.5510561663	-2.998054226	4.172340775
2.64	-0.06597042046	0.5920735147	-2.993464737	4.029419788
2.65	-0.09587089338	0.6316109877	-2.986181332	3.876427351
2.66	-0.125685089	0.6695697622	-2.976210565	3.713745864
2.67	-0.1553861764	0.705854961	-2.963561409	3.541781946
2.68	-0.1849474269	0.74037589	-2.948245248	3.360965418
2.69	-0.2143422371	0.7730462648	-2.930275866	3.171748227
2.7	-0.2435441537	0.8037844266	-2.909669433	2.974603317
2.71	-0.2725268971	0.8325135459	-2.886444493	2.770023447
2.72	-0.3012643847	0.8591618149	-2.860621949	2.558519962
2.73	-0.3297307546	0.8836626268	-2.832225038	2.34062151
2.74	-0.3579003891	0.9059547423	-2.801279315	2.116872722
2.75	-0.3857479375	0.9259824428	-2.767812631	1.887832855
2.76	-0.4132483387	0.9436956694	-2.731855101	1.65407439
2.77	-0.4403768443	0.9590501484	-2.693439087	1.416181599
2.78	-0.4671090405	0.9720075014	-2.652599159	1.174749093
2.79	-0.49342087	0.9825353419	-2.609372071	0.930380325
2.8	-0.5192886541	0.9906073557	-2.563796724	0.683686091
2.81	-0.5446891135	0.996203367	-2.515914133	0.4352829979
2.82	-0.5695993894	0.9993093887	-2.46576739	0.185791924
2.83	-0.5939970643	0.9999176574	-2.413401622	-0.06416353304
2.84	-0.6178601819	0.9980266527	-2.358863955	-0.3139586146
2.85	-0.6411672671	0.9936411011	-2.302203471	-0.5629689632
2.86	-0.6638973451	0.9867719643	-2.243471158	-0.8105721825
2.87	-0.6860299602	0.9774364114	-2.182719873	-1.056149394
2.88	-0.7075451946	0.9656577765	-2.120004287	-1.299086781
2.89	-0.7284236862	0.9514655002	-2.055380841	-1.538777128
2.9	-0.7486466456	0.9348950555	-1.98890769	-1.774621334
2.91	-0.7681958735	0.9159878601	-1.920644657	-2.006029911
2.92	-0.7870537771	0.8947911721	-1.850653173	-2.232424457
2.93	-0.8052033853	0.8713579722	-1.778996227	-2.453239105
2.94	-0.8226283648	0.8457468311	-1.705738304	-2.667921933
2.95	-0.8393130344	0.8180217635	-1.630945331	-2.875936345
2.96	-0.8552423789	0.7882520674	-1.554684618	-3.076762415
2.97	-0.8704020629	0.7565121516	-1.477024793	-3.26989818
2.98	-0.8847784438	0.7228813495	-1.398035746	-3.454860904
2.99	-0.8983585839	0.6874437205	-1.317788561	-3.631188274
3	-0.9111302619	0.6502878402	-1.236355456	-3.798439564
3.01	-0.9230819841	0.6115065789	-1.153809714	-3.956196734
3.02	-0.9342029949	0.5711968697	-1.070225621	-4.104065472
3.03	-0.944483286	0.5294594657	-0.9856783969	-4.241676184
3.04	-0.9539136059	0.4863986889	-0.9002441291	-4.368684915
3.05	-0.962485468	0.4421221686	-0.8139997023	-4.484774209
3.06	-0.9701911581	0.3967405731	-0.7270227308	-4.589653902
3.07	-0.9770237416	0.3503673329	-0.6393914879	-4.683061851
3.08	-0.9829770697	0.3031183567	-0.5511848358	-4.764764584
3.09	-0.9880457849	0.2551117426	-0.4624821545	-4.834557888
3.1	-0.9922253255	0.2064674819	-0.3733632705	-4.892267314
3.11	-0.9955119302	0.1573071601	-0.2839083848	-4.93774862
3.12	-0.9979026415	0.1077536523	-0.1941980007	-4.970888126
3.13	-0.9993953077	0.05793081648	-0.1043128515	-4.991603
3.14	-0.9999885856	0.007963183786	-0.01433382777	-4.999841467
3.15	-0.9996819412	-0.04202435272	0.07565809543	-4.995582933
3.16	-0.9984756506	-0.09190685023	0.1655819315	-4.978838044
3.17	-0.9963707993	-0.1415596285	0.2553567549	-4.949648653
3.18	-0.9933692816	-0.1908585814	0.3449017745	-4.908087718
3.19	-0.9894737985	-0.2396804872	0.4341364058	-4.85425912
3.2	-0.9846878558	-0.2879033167	0.5229803437	-4.788297402
3.21	-0.9790157605	-0.3354065378	0.6113536345	-4.710367434
3.22	-0.9724626171	-0.3820714172	0.6991767483	-4.620664
3.23	-0.965034323	-0.427781317	0.7863706503	-4.519411313
3.24	-0.9567375631	-0.4724219864	0.8728568717	-4.406862452
3.25	-0.947579804	-0.5158818468	0.9585575809	-4.283298729
3.26	-0.937569287	-0.5580522713	1.043395653	-4.14902899
3.27	-0.926715021	-0.5988278557	1.127294739	-4.00438884
3.28	-0.915026774	-0.6381066823	1.210179337	-3.849739803
3.29	-0.9025150646	-0.6757905746	1.291974854	-3.685468421
3.3	-0.8891911526	-0.7117853424	1.372607681	-3.511985288
3.31	-0.8750670286	-0.7460010175	1.452005254	-3.32972402
3.32	-0.8601554034	-0.7783520785	1.530096121	-3.139140176
3.33	-0.8444696963	-0.8087576648	1.606810004	-2.940710117
3.34	-0.8280240235	-0.837141778	1.682077866	-2.734929814
3.35	-0.810833185	-0.8634334728	1.755831972	-2.522313611
3.36	-0.7929126513	-0.8875670336	1.828005948	-2.303392937
3.37	-0.7742785498	-0.909482139	1.898534842	-2.078714981
3.38	-0.7549476498	-0.9291240127	1.967355183	-1.848841319
3.39	-0.7349373479	-0.9464435603	2.034405036	-1.614346518
3.4	-0.714265652	-0.9613974919	2.099624063	-1.37581669
3.41	-0.6929511653	-0.9739484304	2.162953569	-1.133848038
3.42	-0.6710130692	-0.9840650051	2.224336564	-0.8890453556
3.43	-0.6484711067	-0.9917219297	2.283717805	-0.6420205231
3.44	-0.6253455639	-0.996900066	2.341043855	-0.3933909737
3.45	-0.6016572524	-0.9995864714	2.396263123	-0.1437781516
3.46	-0.57742749	-0.9997744311	2.449325916	0.1061940409
3.47	-0.5526780817	-0.9974634754	2.500184482	0.3559008036
3.48	-0.5274313005	-0.9926593805	2.548793049	0.6047179996
3.49	-0.5017098668	-0.9853741541	2.595107876	0.8520237156
3.5	-0.475536928	-0.9756260055	2.63908728	1.097199816
3.51	-0.4489360381	-0.9634392999	2.680691684	1.339633488
3.52	-0.421931136	-0.9488444979	2.719883646	1.578718775
3.53	-0.3945465244	-0.9318780788	2.756627897	1.813858086
3.54	-0.3668068476	-0.9125824498	2.790891368	2.044463697
3.55	-0.3387370694	-0.8910058399	2.822643226	2.269959213
3.56	-0.3103624506	-0.8672021795	2.851854895	2.489781014
3.57	-0.2817085267	-0.8412309652	2.878500088	2.703379659
3.58	-0.252801084	-0.8131571117	2.902554824	2.910221262
3.59	-0.2236661374	-0.7830507888	2.923997457	3.109788828
3.6	-0.1943299065	-0.7509872468	2.94280869	3.301583541
3.61	-0.1648187917	-0.7170466277	2.958971594	3.485126015
3.62	-0.1351593511	-0.6813137656	2.972471623	3.659957489
3.63	-0.1053782762	-0.6438779738	2.983296628	3.825640975
3.64	-0.07550236802	-0.6048328224	2.991436867	3.981762351
3.65	-0.04555851278	-0.564275904	2.996885016	4.127931395
3.66	-0.01557365796	-0.5223085896	2.99963617	4.263782761
3.67	0.01442521211	-0.4790357758	2.999687854	4.38897689
3.68	0.04441110045	-0.4345656221	2.997040021	4.503200862
3.69	0.07435702181	-0.3890092806	2.991695055	4.606169177
3.7	0.1042360269	-0.3424806185	2.983657765	4.697624469
3.71	0.1340212265	-0.2950959332	2.972935384	4.777338145
3.72	0.1636858161	-0.2469736617	2.959537562	4.845110965
3.73	0.1932030996	-0.1982340848	2.943476356	4.90077353
3.74	0.2225465132	-0.1489990258	2.924766221	4.944186713
3.75	0.2516896501	-0.0993915469	2.903423993	4.975242005
3.76	0.2806062832	-0.04953564088	2.879468879	4.993861783
3.77	0.3092703896	0.0004440784465	2.852922438	4.999999507
3.78	0.3376561736	0.05042268781	2.823808559	4.993639836
3.79	0.3657380898	0.1002752667	2.792153443	4.974798666
3.8	0.3934908663	0.1498772097	2.757985577	4.943523091
3.81	0.4208895277	0.1991045376	2.72133571	4.899891282
3.82	0.4479094169	0.247834208	2.682236826	4.844012297
3.83	0.4745262179	0.2959444219	2.640724108	4.776025804
3.84	0.5007159773	0.3433149288	2.596834918	4.696101733
3.85	0.5264551261	0.3898273272	2.550608751	4.604439854
3.86	0.5517205008	0.4353653604	2.502087209	4.501269274
3.87	0.5764893643	0.4798152068	2.451313957	4.386847864
3.88	0.6007394263	0.5230657652	2.398334688	4.261461619
3.89	0.6244488634	0.5650089315	2.343197079	4.12542394
3.9	0.6475963387	0.6055398697	2.285950752	3.979074849
3.91	0.6701610209	0.6445572736	2.226647223	3.822780143
3.92	0.6921226035	0.6819636201	2.165339862	3.656930478
3.93	0.7134613224	0.7176654126	2.102083841	3.481940391
3.94	0.7341579743	0.7515734154	2.036936086	3.298247267
3.95	0.7541939336	0.783602876	1.969955227	3.106310242
3.96	0.7735511692	0.8136737375	1.90120154	2.906609059
3.97	0.7922122611	0.8417108384	1.830736901	2.699642867
3.98	0.8101604153	0.8676441006	1.758624722	2.485928974
3.99	0.8273794799	0.8914087044	1.6849299	2.266001554
4	0.8438539587	0.9129452507	1.609718754	2.040410309
4.01	0.859569026	0.9321999093	1.53305897	1.809719101
4.02	0.8745105392	0.9491245536	1.455019537	1.574504538
4.03	0.8886650519	0.9636768809	1.375670684	1.335354534
4.04	0.902019826	0.9758205178	1.29508382	1.092866839
4.05	0.9145628432	0.9855251116	1.213331469	0.8476475458
4.06	0.9262828156	0.9927664058	1.1304872	0.6003095752
4.07	0.9371691959	0.9975263011	1.04662557	0.3514711433
4.08	0.9472121872	0.9997929001	0.9618220477	0.1017542167
4.09	0.9564027515	0.9995605376	0.8761529501	-0.1482170426
4.1	0.9647326179	0.9968297943	0.7896953741	-0.3978178364
4.11	0.97219429	0.9916074956	0.7025271255	-0.6464242928
4.12	0.9787810529	0.9839066946	0.61472665	-0.8934150251
4.13	0.9844869789	0.9737466393	0.5263729619	-1.138172685
4.14	0.9893069331	0.9611527245	0.4375455737	-1.380085506
4.15	0.9932365778	0.9461564285	0.348324424	-1.618548832
4.16	0.9962723767	0.9287952341	0.2587898059	-1.852966629
4.17	0.9984115976	0.9091125353	0.1690222944	-2.082752975
4.18	0.9996523155	0.8871575287	0.07910267421	-2.307333522
4.19	0.9999934138	0.8629850903	-0.01088813302	-2.526146937
4.2	0.9994345855	0.8366556385	-0.1008691417	-2.738646301
4.21	0.9979763335	0.8082349834	-0.1907593749	-2.944300475
4.22	0.9956199703	0.7777941618	-0.2804779376	-3.142595432
4.23	0.9923676162	0.7454092598	-0.369944089	-3.333035536
4.24	0.9882221983	0.7111612229	-0.4590773157	-3.515144787
4.25	0.983187447	0.6751356533	-0.5477974039	-3.688468007
4.26	0.9772678935	0.6374225962	-0.6360245113	-3.852571978
4.27	0.9704688648	0.5981163145	-0.7236792397	-4.007046526
4.28	0.9627964796	0.5573150535	-0.8106827055	-4.151505544
4.29	0.9542576426	0.5151207952	-0.8969566117	-4.28558796
4.3	0.9448600382	0.4716390031	-0.9824233174	-4.408958638
4.31	0.9346121234	0.4269783591	-1.067005908	-4.521309215
4.32	0.9235231209	0.3812504917	-1.150628266	-4.622358875
4.33	0.9116030098	0.3345696965	-1.233215136	-4.711855044
4.34	0.8988625176	0.2870526513	-1.314692196	-4.78957403
4.35	0.8853131098	0.238818124	-1.394986121	-4.855321574
4.36	0.87096698	0.1899866758	-1.474024653	-4.908933344
4.37	0.8558370386	0.1406803598	-1.551736663	-4.950275337
4.38	0.8399369017	0.0910224162	-1.628052214	-4.979244219
4.39	0.8232808783	0.04113696395	-1.702902628	-4.995767584
4.4	0.8058839576	-0.00885130929	-1.776220544	-4.999804132
4.41	0.7877617958	-0.05881745886	-1.847939982	-4.991343773
4.42	0.7689307016	-0.1086365954	-1.917996399	-4.970407655
4.43	0.7494076216	-0.1581841971	-1.986326748	-4.937048105
4.44	0.7292101253	-0.2073364206	-2.052869538	-4.891348507
4.45	0.7083563892	-0.2559704111	-2.117564883	-4.833423085
4.46	0.6868651801	-0.3039646088	-2.180354563	-4.763416622
4.47	0.6647558387	-0.3511990533	-2.241182071	-4.681504098
4.48	0.6420482619	-0.3975556831	-2.299992666	-4.587890253
4.49	0.618762885	-0.4429186307	-2.356733423	-4.482809071
4.5	0.5949206633	-0.4871745125	-2.41135328	-4.3665232
4.51	0.5705430532	-0.5302127116	-2.463803081	-4.239323296
4.52	0.5456519928	-0.5719256551	-2.514035625	-4.101527292
4.53	0.5202698824	-0.6122090823	-2.562005707	-3.953479605
4.54	0.4944195643	-0.6509623057	-2.607670157	-3.795550278
4.55	0.4681243019	-0.6880884623	-2.65098788	-3.628134052
4.56	0.4414077593	-0.723494756	-2.691919893	-3.451649381
4.57	0.4142939795	-0.7570926897	-2.730429359	-3.266537384
4.58	0.386807363	-0.788798286	-2.766481624	-3.073260744
4.59	0.3589726461	-0.8185322973	-2.800044242	-2.872302553
4.6	0.3308148779	-0.8462204042	-2.831087008	-2.664165102
4.61	0.3023593988	-0.8717934007	-2.859581988	-2.449368625
4.62	0.2736318166	-0.8951873678	-2.885503537	-2.228450002
4.63	0.2446579842	-0.9163438327	-2.908828327	-2.001961415
4.64	0.2154639761	-0.9352099152	-2.929535368	-1.770468967
4.65	0.186076065	-0.95173846	-2.947606026	-1.534551269
4.66	0.156520698	-0.9658881542	-2.963024036	-1.294797991
4.67	0.1268244729	-0.9776236311	-2.975775525	-1.051808393
4.68	0.09701411442	-0.9869155581	-2.985849017	-0.8061898216
4.69	0.06711644974	-0.9937407102	-2.993235447	-0.5585561956
4.7	0.03715838479	-0.998082028	-2.997928166	-0.30952647
4.71	0.007166879799	-0.9999286605	-2.999922953	-0.05972308937
4.72	-0.0228310749	-0.9992759921	-2.999218011	0.1902295678
4.73	-0.05280848317	-0.9961256542	-2.995813976	0.4397067502
4.74	-0.08273836738	-0.9904855209	-2.98971391	0.6880848947
4.75	-0.1125937926	-0.9823696896	-2.980923303	0.9347431853
4.76	-0.1423478911	-0.9717984457	-2.969450067	1.179065105
4.77	-0.171973886	-0.9587982118	-2.955304526	1.420439975
4.78	-0.2014451161	-0.9434014818	-2.938499411	1.658264486
4.79	-0.2307350591	-0.9256467393	-2.919049844	1.891944199
4.8	-0.2598173562	-0.905578362	-2.89697333	2.120895037
4.81	-0.2886658352	-0.8832465105	-2.872289735	2.344544741
4.82	-0.3172545344	-0.8587070026	-2.845021273	2.562334305
4.83	-0.345557726	-0.8320211745	-2.815192484	2.773719368
4.84	-0.3735499389	-0.8032557267	-2.782830212	2.978171576
4.85	-0.4012059821	-0.7724825579	-2.74796358	3.175179907
4.86	-0.428500967	-0.7397785851	-2.710623967	3.364251942
4.87	-0.4554103299	-0.705225551	-2.670844975	3.544915098
4.88	-0.4819098543	-0.6689098204	-2.628662403	3.716717813
4.89	-0.5079756924	-0.6309221635	-2.584114213	3.87923067
4.9	-0.5335843866	-0.5913575299	-2.537240493	4.03204747
4.91	-0.5587128909	-0.5503148103	-2.488083429	4.174786251
4.92	-0.5833385913	-0.5078965904	-2.436687258	4.30709024
4.93	-0.6074393263	-0.4642088935	-2.383098232	4.428628747
4.94	-0.6309934069	-0.4193609161	-2.327364579	4.539097989
4.95	-0.6539796361	-0.3734647548	-2.269536455	4.638221849
4.96	-0.6763773277	-0.3266351261	-2.209665901	4.725752571
4.97	-0.6981663254	-0.2789890797	-2.147806797	4.801471372
4.98	-0.7193270205	-0.2306457059	-2.084014812	4.865188995
4.99	-0.7398403699	-0.181725838	-2.018347355	4.91674618
5	-0.7596879129	-0.1323517501	-1.95086352	4.956014059
5.01	-0.778851788	-0.08264685176	-1.881624041	4.982894485
5.02	-0.7973147491	-0.03273537933	-1.810691227	4.997320269
5.03	-0.8150601807	0.0172579145	-1.738128913	4.999255356
5.04	-0.8320721132	0.06720807253	-1.6640024	4.988694907
5.05	-0.8483352369	0.1169902454	-1.588378397	4.965665319
5.06	-0.8638349162	0.1664800035	-1.511324961	4.930224154
5.07	-0.8785572023	0.2155536484	-1.432911435	4.882459996
5.08	-0.8924888463	0.2640885214	-1.353208385	4.822492231
5.09	-0.9056173106	0.3119633106	-1.272287539	4.750470747
5.1	-0.9179307804	0.359058354	-1.190221719	4.66657556
5.11	-0.9294181745	0.4052559385	-1.107084781	4.571016365
5.12	-0.9400691549	0.4504405943	-1.022951541	4.464032009
5.13	-0.9498741366	0.4944993831	-0.9378977139	4.345889898
5.14	-0.9588242956	0.537322181	-0.851999842	4.216885325
5.15	-0.9669115775	0.5788019533	-0.7653352278	4.077340735
5.16	-0.9741287043	0.6188350221	-0.6779818635	3.927604917
5.17	-0.980469181	0.6573213257	-0.5900183613	3.768052132
5.18	-0.9859273015	0.6941646683	-0.5015238824	3.599081179
5.19	-0.9904981541	0.7292729607	-0.4125780659	3.421114398
5.2	-0.9941776252	0.7625584505	-0.3232609569	3.234596612
5.21	-0.9969624035	0.7939379413	-0.2336529349	3.039994019
5.22	-0.998849983	0.8233330007	-0.143834641	2.837793024
5.23	-0.9998386648	0.8506701565	-0.05388690571	2.628499025
5.24	-0.9999275594	0.8758810798	0.0361093242	2.412635147
5.25	-0.9991165867	0.8989027566	0.1260730582	2.190740937
5.26	-0.9974064765	0.9196776447	0.2159233349	1.963371016
5.27	-0.9947987677	0.9381538176	0.3055792952	1.73109369
5.28	-0.9912958072	0.9542850945	0.3949602547	1.494489532
5.29	-0.9869007475	0.9680311557	0.4839857767	1.254149928
5.3	-0.9816175436	0.9793576431	0.5725757441	1.010675602
5.31	-0.9754509502	0.9882362465	0.660650432	0.7646751135
5.32	-0.9684065168	0.9946447739	0.7481305792	0.5167633355
5.33	-0.9604905829	0.9985672074	0.8349374593	0.2675599183
5.34	-0.9517102723	0.9999937429	0.920992952	0.01768774068
5.35	-0.9420734867	0.9989208148	1.006219613	-0.2322286471
5.36	-0.9315888986	0.9953511049	1.090540745	-0.4815645842
5.37	-0.9202659433	0.9892935356	1.173880463	-0.7296968607
5.38	-0.9081148108	0.9807632477	1.256163769	-0.976005275
5.39	-0.8951464363	0.9697815625	1.337316611	-1.219874184
5.4	-0.8813724904	0.9563759284	1.417265959	-1.460694044
5.41	-0.8668053687	0.9405798526	1.495939863	-1.697862929
5.42	-0.8514581807	0.9224328169	1.573267523	-1.93078804
5.43	-0.8353447378	0.9019801796	1.649179348	-2.158887188
5.44	-0.8184795411	0.8792730617	1.723607022	-2.381590241
5.45	-0.800877768	0.8543682189	1.796483567	-2.598340559
5.46	-0.7825552589	0.8273279006	1.867743398	-2.808596379
5.47	-0.763528503	0.7982196934	1.937322386	-3.011832171
5.48	-0.7438146229	0.7671163526	2.005157914	-3.207539951
5.49	-0.7234313599	0.7340956205	2.071188936	-3.395230552
5.5	-0.7023970575	0.6992400317	2.135356027	-3.574434844
5.51	-0.6807306452	0.6626367069	2.197601442	-3.744704911
5.52	-0.6584516212	0.6243771354	2.257869164	-3.905615165
5.53	-0.6355800352	0.5845569463	2.316104957	-4.056763416
5.54	-0.61213647	0.5432756692	2.372256411	-4.197771871
5.55	-0.5881420234	0.5006364859	2.426272994	-4.328288082
5.56	-0.5636182886	0.4567459721	2.478106096	-4.447985828
5.57	-0.5385873355	0.4117138313	2.527709069	-4.556565925
5.58	-0.51307169	0.3656526203	2.575037275	-4.65375698
5.59	-0.4870943147	0.3186774681	2.620048121	-4.739316067
5.6	-0.4606785874	0.2709057883	2.662701101	-4.813029332
5.61	-0.4338482805	0.2224569851	2.702957829	-4.874712529
5.62	-0.4066275393	0.1734521552	2.740782078	-4.924211485
5.63	-0.3790408609	0.1240137854	2.776139808	-4.961402476
5.64	-0.3511130712	0.07426544558	2.808999199	-4.986192544
5.65	-0.3228693035	0.02433148088	2.839330681	-4.998519728
5.66	-0.2943349752	-0.02566329986	2.867106957	-4.998353216
5.67	-0.2655357653	-0.07559393571	2.89230303	-4.985693424
5.68	-0.2364975911	-0.1253356261	2.914896225	-4.960571995
5.69	-0.2072465851	-0.1747640427	2.934866211	-4.92305172
5.7	-0.1778090711	-0.2237556402	2.952195015	-4.873226379
5.71	-0.148211541	-0.2721879651	2.966867043	-4.81122051
5.72	-0.1184806305	-0.3199399619	2.978869091	-4.737189095
5.73	-0.08864309537	-0.3668922754	2.988190358	-4.651317174
5.74	-0.05872578747	-0.4129275492	2.994822455	-4.553819383
5.75	-0.02875563033	-0.4579307193	2.998759414	-4.444939416
5.76	0.001240404938	-0.501789301	2.999997692	-4.324949414
5.77	0.03123532392	-0.5443936708	2.998536175	-4.194149291
5.78	0.06120213323	-0.58563734	2.994376177	-4.05286598
5.79	0.09111386474	-0.6254172208	2.987521443	-3.901452614
5.8	0.1209435999	-0.6636338842	2.977978141	-3.740287648
5.81	0.150664494	-0.7001918086	2.96575486	-3.569773912
5.82	0.1802498003	-0.734999618	2.9508626	-3.390337599
5.83	0.2096728939	-0.7679703113	2.933314763	-3.202427208
5.84	0.238907296	-0.7990214787	2.91312714	-3.006512417
5.85	0.2679266977	-0.8280755085	2.8903179	-2.803082911
5.86	0.2967049834	-0.8550597808	2.864907568	-2.592647157
5.87	0.3252162547	-0.8799068489	2.836919013	-2.375731136
5.88	0.3534348533	-0.9025546082	2.806377423	-2.152877024
5.89	0.3813353844	-0.922946451	2.773310282	-1.924641841
5.9	0.4088927394	-0.9410314083	2.737747349	-1.691596055
5.91	0.4360821185	-0.9567642772	2.699720629	-1.45432216
5.92	0.4628790532	-0.9701057337	2.659264342	-1.213413217
5.93	0.4892594279	-0.9810224311	2.616414896	-0.9694713733
5.94	0.5151995022	-0.9894870833	2.571210854	-0.7231063558
5.95	0.5406759317	-0.995478533	2.523692896	-0.474933949
5.96	0.5656657894	-0.9989818049	2.473903784	-0.2255744547
5.97	0.590146586	-0.9999881426	2.421888326	0.02434885824
5.98	0.6140962906	-0.9984950307	2.367693332	0.2742113117
5.99	0.6374933499	-0.9945062012	2.311367573	0.5233883798
6	0.6603167082	-0.9880316241	2.25296174	0.7712572494
6.01	0.6825458261	-0.9790874825	2.192528394	1.017198378
6.02	0.7041606988	-0.9676961321	2.13012192	1.26059704
6.03	0.7251418744	-0.9538860454	2.065798479	1.500844866
6.04	0.7454704713	-0.9376917403	1.99961596	1.737341361
6.05	0.7651281951	-0.9191536942	1.931633921	1.969495408
6.06	0.7840973551	-0.8983182426	1.861913542	2.196726742
6.07	0.8023608804	-0.8752374631	1.790517567	2.418467403
6.08	0.8199023351	-0.8499690459	1.717510247	2.634163155
6.09	0.8367059331	-0.8225761487	1.642957283	2.843274871
6.1	0.8527565521	-0.7931272395	1.566925769	3.045279881
6.11	0.8680397479	-0.7616959252	1.489484127	3.239673276
6.12	0.8825417664	-0.7283607678	1.41070205	3.425969176
6.13	0.896249557	-0.6932050879	1.330650437	3.603701937
6.14	0.9091507834	-0.6563167562	1.249401328	3.772427321
6.15	0.9212338355	-0.6177879744	1.167027842	3.9317236
6.16	0.9324878393	-0.5777150444	1.083604109	4.081192618
6.17	0.942902667	-0.5361981277	0.9992052067	4.22046078
6.18	0.9524689459	-0.493340995	0.9139070867	4.349179988
6.19	0.9611780671	-0.4492507666	0.8277865119	4.467028511
6.2	0.9690221929	-0.4040376453	0.7409209852	4.573711789
6.21	0.9759942642	-0.3578146403	0.6533886796	4.66896317
6.22	0.9820880065	-0.3106972851	0.5652683683	4.752544574
6.23	0.9872979358	-0.2628033484	0.4766393536	4.824247092
6.24	0.9916193637	-0.2142525403	0.3875813957	4.883891504
6.25	0.995048401	-0.1651662124	0.2981746407	4.931328731
6.26	0.997581962	-0.1156670549	0.2084995486	4.966440205
6.27	0.9992177665	-0.0658787901	0.118636821	4.989138165
6.28	0.9999543425	-0.0159258626	0.02866732832	4.999365877
6.29	0.9997910271	0.03406687126	-0.06132796307	4.997097778
6.3	0.9987279672	0.08397445569	-0.1512680634	4.982339538
6.31	0.9967661196	0.1336721477	-0.2410720327	4.955128043
6.32	0.9939072498	0.183035729	-0.3306590535	4.915531309
6.33	0.9901539305	0.2319418162	-0.4199485034	4.863648306
6.34	0.9855095395	0.2802681698	-0.508860028	4.799608716
6.35	0.9799782564	0.3278939988	-0.5973136129	4.723572603
6.36	0.9735650591	0.3747002636	-0.6852296559	4.635730019
6.37	0.9662757189	0.420569973	-0.7725290385	4.536300524
6.38	0.9581167958	0.4653884764	-0.8591331971	4.42553264
6.39	0.9490956323	0.5090437509	-0.9449641938	4.30370323
6.4	0.9392203467	0.5514266812	-1.029944786	4.171116803
6.41	0.9284998262	0.592431332	-1.113998498	4.028104755
6.42	0.9169437186	0.631955213	-1.197049687	3.875024544
6.43	0.9045624235	0.6698995351	-1.279023611	3.71225879
6.44	0.8913670832	0.7061694572	-1.359846501	3.540214322
6.45	0.8773695728	0.7406743234	-1.43944562	3.359321161
6.46	0.862582489	0.7733278896	-1.517749336	3.170031448
6.47	0.8470191391	0.8040485387	-1.59468718	2.972818307
6.48	0.8306935292	0.8327594853	-1.670189913	2.768174668
6.49	0.8136203512	0.8593889669	-1.744189587	2.556612034
6.5	0.7958149698	0.8838704235	-1.816619609	2.338659201
6.51	0.7772934087	0.9061426645	-1.887414796	2.114860939
6.52	0.7580723359	0.9261500207	-1.956511437	1.885776625
6.53	0.7381690492	0.9438424842	-2.023847349	1.651978852
6.54	0.7176014602	0.959175833	-2.089361936	1.414051992
6.55	0.6963880783	0.9721117417	-2.152996238	1.172590739
6.56	0.6745479941	0.9826178774	-2.214692988	0.9281986194
6.57	0.6521008623	0.9906679801	-2.274396665	0.6814864867
6.58	0.6290668837	0.9962419288	-2.332053538	0.4330709928
6.59	0.6054667874	0.9993257915	-2.38761172	0.1835730468
6.6	0.5813218118	0.9999118601	-2.441021213	-0.06638373611
6.61	0.5566536859	0.9979986699	-2.492233951	-0.3161745943
6.62	0.5314846092	0.9935910027	-2.541203847	-0.5651751806
6.63	0.5058372322	0.9866998754	-2.587886831	-0.8127631234
6.64	0.4797346358	0.9773425124	-2.632240892	-1.058319582
6.65	0.4532003107	0.965542302	-2.674226113	-1.301230792
6.66	0.4262581359	0.9513287388	-2.713804712	-1.540889603
6.67	0.3989323575	0.9347373491	-2.750941069	-1.776696993
6.68	0.371247567	0.9158096029	-2.785601766	-2.008063565
6.69	0.3432286786	0.8945928096	-2.817755608	-2.234411024
6.7	0.3149009077	0.8711400002	-2.847373661	-2.45517362
6.71	0.2862897472	0.8455097944	-2.87442927	-2.66979956
6.72	0.2574209452	0.8177662545	-2.898898086	-2.877752391
6.73	0.2283204817	0.7879787249	-2.92075809	-3.07851234
6.74	0.1990145453	0.7562216588	-2.939989608	-3.271577612
6.75	0.1695295092	0.7225744324	-2.956575335	-3.456465643
6.76	0.1398919079	0.6871211462	-2.970500343	-3.63271431
6.77	0.1101284134	0.649950415	-2.981752101	-3.799883084
6.78	0.08026581074	0.6111551463	-2.990320484	-3.957554128
6.79	0.05033097428	0.5708323079	-2.99619778	-4.105333349
6.8	0.02035084333	0.5290826861	-2.9993787	-4.242851374
6.81	-0.009647601999	0.4860106331	-2.999860382	-4.36976448
6.82	-0.03963736514	0.4417238067	-2.997642393	-4.485755451
6.83	-0.06959145733	0.3963329007	-2.992726727	-4.590534369
6.84	-0.0994829219	0.349951369	-2.985117809	-4.683839342
6.85	-0.1292848586	0.302695141	-2.974822487	-4.765437156
6.86	-0.1589704476	0.2546823328	-2.961850025	-4.835123859
6.87	-0.1885129739	0.2060329515	-2.946212098	-4.89272527
6.88	-0.2178858513	0.156868595	-2.927922779	-4.938097417
6.89	-0.2470626461	0.1073121488	-2.906998528	-4.971126891
6.9	-0.2760171012	0.05748747811	-2.883458174	-4.991731137
6.91	-0.3047231596	0.007519118635	-2.857322902	-4.999858655
6.92	-0.3331549877	-0.04246803472	-2.828616232	-4.99548913
6.93	-0.3612869988	-0.0923490401	-2.797363999	-4.978633484
6.94	-0.389093876	-0.141999221	-2.763594326	-4.949333847
6.95	-0.4165505949	-0.1912944777	-2.727337606	-4.907663453
6.96	-0.4436324464	-0.240111598	-2.688626466	-4.853726456
6.97	-0.4703150587	-0.2883285642	-2.647495743	-4.787657671
6.98	-0.4965744192	-0.3358248592	-2.603982453	-4.709622235
6.99	-0.5223868962	-0.382481767	-2.558125755	-4.619815196
7	-0.5477292602	-0.4281826695	-2.509966916	-4.518461025
7.01	-0.5725787049	-0.4728133383	-2.459549276	-4.405813055
7.02	-0.5969128674	-0.5162622201	-2.406918208	-4.282152847
7.03	-0.6207098486	-0.5584207151	-2.352121076	-4.147789486
7.04	-0.6439482329	-0.5991834492	-2.295207193	-4.003058812
7.05	-0.6666071072	-0.6384485367	-2.236227779	-3.848322576
7.06	-0.6886660801	-0.6761178354	-2.175235912	-3.683967537
7.07	-0.7101053	-0.7120971916	-2.112286478	-3.510404499
7.08	-0.7309054731	-0.7462966756	-2.04743613	-3.328067277
7.09	-0.7510478806	-0.7786308067	-1.980743227	-3.13741162
7.1	-0.7705143957	-0.8090187662	-1.912267788	-2.938914068
7.11	-0.7892874998	-0.8373846002	-1.842071438	-2.733070761
7.12	-0.8073502985	-0.8636574087	-1.770217348	-2.520396201
7.13	-0.8246865363	-0.8877715235	-1.696770182	-2.301421963
7.14	-0.841280612	-0.9096666718	-1.621796037	-2.076695369
7.15	-0.8571175919	-0.9292881272	-1.545362385	-1.846778117
7.16	-0.8721832239	-0.9465868463	-1.467538012	-1.612244882
7.17	-0.8864639497	-0.9615195912	-1.388392953	-1.373681875
7.18	-0.8999469179	-0.9740490379	-1.307998434	-1.131685378
7.19	-0.9126199946	-0.9841438692	-1.226426805	-0.8868602577
7.2	-0.9244717749	-0.9917788534	-1.143751475	-0.6398184481
7.21	-0.935491593	-0.996934907	-1.060046845	-0.3911774257
7.22	-0.9456695318	-0.9995991426	-0.9753882454	-0.1415586634
7.23	-0.9549964319	-0.9997649008	-0.8898518617	0.1084139218
7.24	-0.9634638996	-0.9974317675	-0.8035146714	0.3581155286
7.25	-0.9710643149	-0.9926055741	-0.7164543721	0.6069220332
7.26	-0.9777908378	-0.9852983838	-0.6287493122	0.8542115487
7.27	-0.983637415	-0.9755284607	-0.5404784205	1.09936598
7.28	-0.9885987848	-0.9633202245	-0.4517211346	1.341772569
7.29	-0.9926704826	-0.9487041894	-0.3625573301	1.580825426
7.3	-0.9958488438	-0.9317168879	-0.2730672486	1.815927042
7.31	-0.9981310084	-0.9124007794	-0.183331425	2.046489786
7.32	-0.9995149224	-0.8908041441	-0.09343061542	2.271937372
7.33	-0.9999993404	-0.8669809624	-0.003445724629	2.491706297
7.34	-0.9995838265	-0.8409907798	0.08654226708	2.705247255
7.35	-0.9982687547	-0.8128985582	0.1764523766	2.912026503
7.36	-0.9960553083	-0.7827745136	0.2662036909	3.111527201
7.37	-0.9929454794	-0.7506939403	0.3557154398	3.303250702
7.38	-0.9889420666	-0.7167370232	0.4449070689	3.486717796
7.39	-0.9840486727	-0.6809886367	0.5336983116	3.661469912
7.4	-0.9782697014	-0.6435381334	0.6220092618	3.82707026
7.41	-0.9716103534	-0.6044791198	0.7097604457	3.983104925
7.42	-0.9640766217	-0.5639092233	0.7968728931	4.129183902
7.43	-0.9556752861	-0.5219298473	0.8832682087	4.26494207
7.44	-0.9464139072	-0.4786459186	0.9688686426	4.390040104
7.45	-0.9363008197	-0.4341656243	1.05359716	4.504165324
7.46	-0.9253451246	-0.3886001421	1.137377511	4.607032476
7.47	-0.9135566814	-0.3420633619	1.220134299	4.698384447
7.48	-0.9009460989	-0.2946716015	1.301793049	4.777992903
7.49	-0.8875247257	-0.2465433155	1.382280273	4.845658865
7.5	-0.8733046401	-0.1977987996	1.461523537	4.901213204
7.51	-0.8582986393	-0.1485598898	1.53945153	4.944517062
7.52	-0.8425202276	-0.09894965755	1.615994119	4.975462203
7.53	-0.8259836047	-0.04909210272	1.691082424	4.993971279
7.54	-0.8087036522	0.0008881568051	1.764648868	4.999998028
7.55	-0.790695921	0.0508661964	1.836627247	4.993527386
7.56	-0.7719766169	0.100717097	1.906952786	4.974575526
7.57	-0.7525625859	0.1503162573	1.975562196	4.943189817
7.58	-0.7324712994	0.1995397052	2.042393733	4.899448709
7.59	-0.7117208382	0.2482644078	2.107387254	4.84346153
7.6	-0.6903298762	0.2963685787	2.170484268	4.77536822
7.61	-0.668317664	0.3437319825	2.231627993	4.695338977
7.62	-0.6457040109	0.3902362353	2.290763404	4.603573831
7.63	-0.6225092679	0.4357651008	2.347837282	4.500302148
7.64	-0.5987543085	0.4802047804	2.402798265	4.385782054
7.65	-0.5744605106	0.5234441982	2.455596892	4.260299788
7.66	-0.5496497371	0.5653752781	2.506185647	4.124168992
7.67	-0.5243443159	0.6058932143	2.554519005	3.977729921
7.68	-0.4985670202	0.6448967329	2.600553467	3.821348596
7.69	-0.4723410479	0.6822883456	2.644247608	3.655415891
7.7	-0.4456900004	0.7179745928	2.685562103	3.480346549
7.71	-0.4186378621	0.7518662773	2.724459775	3.296578154
7.72	-0.391208978	0.7838786878	2.760905616	3.10457003
7.73	-0.3634280321	0.8139318098	2.794866829	2.904802098
7.74	-0.3353200256	0.8419505261	2.82631285	2.697773673
7.75	-0.3069102537	0.8678648046	2.85521538	2.484002219
7.76	-0.2782242833	0.891609873	2.881548409	2.264022053
7.77	-0.2492879298	0.9131263812	2.905288239	2.038383011
7.78	-0.220127234	0.9323605489	2.926413506	1.807649074
7.79	-0.1907684385	0.9492643008	2.944905198	1.572396954
7.8	-0.1612379643	0.9637953863	2.960746674	1.333214662
7.81	-0.1315623869	0.9759174853	2.973923678	1.090700027
7.82	-0.1017684121	0.9856002988	2.984424352	0.8454592099
7.83	-0.07188285269	0.9928196249	2.992239245	0.5981051852
7.84	-0.04193260354	0.9975574189	2.997361325	0.349256209
7.85	-0.01194461787	0.9998018389	2.999785982	0.09953427424
7.86	0.01805411714	0.999547275	2.999511033	-0.1504364444
7.87	0.04803660467	0.9967943635	2.996536728	-0.4000311503
7.88	0.07797586249	0.9915499852	2.990865742	-0.6486259866
7.89	0.1078449473	0.9838272483	2.982503178	-0.8955995958
7.9	0.1376169789	0.9736454557	2.971456563	-1.140334672
7.91	0.1672651646	0.9610300565	2.957735837	-1.382219506
7.92	0.1967628229	0.9460125826	2.941353349	-1.620649511
7.93	0.2260834079	0.92863057	2.922323841	-1.855028736
7.94	0.2552005331	0.9089274645	2.90066444	-2.084771356
7.95	0.2840879951	0.8869525138	2.876394636	-2.309303132
7.96	0.312719797	0.8627606437	2.84953627	-2.528062854
7.97	0.3410701723	0.8364123213	2.820113515	-2.740503735
7.98	0.3691136074	0.8079734037	2.788152848	-2.946094784
7.99	0.3968248652	0.7775149733	2.753683031	-3.14432213
8	0.4241790073	0.7451131605	2.716735086	-3.334690308
8.01	0.451151417	0.7108489528	2.677342262	-3.516723498
8.02	0.4777178209	0.6748079929	2.635540011	-3.68996671
8.03	0.503854311	0.6370803645	2.591365952	-3.853986927
8.04	0.5295373662	0.5977603669	2.544859839	-4.008374183
8.05	0.5547438735	0.5569462797	2.496063523	-4.152742592
8.06	0.5794511488	0.5147401169	2.445020919	-4.286731307
8.07	0.6036369572	0.4712473719	2.391777961	-4.410005427
8.08	0.627279533	0.4265767538	2.336382564	-4.522256829
8.09	0.6503575997	0.3808399161	2.278884581	-4.623204944
8.1	0.6728503883	0.3341511768	2.219335755	-4.712597455
8.11	0.694737657	0.2866272337	2.157789677	-4.790210927
8.12	0.7159997088	0.2383868717	2.094301734	-4.855851366
8.13	0.7366174091	0.1895506668	2.028929061	-4.909354705
8.14	0.7565722035	0.1402406838	1.961730488	-4.950587214
8.15	0.7758461339	0.09058017222	1.892766491	-4.979445834
8.16	0.7944218553	0.04069325735	1.822099131	-4.995858432
8.17	0.8122826505	-0.009295369467	1.749792005	-4.999783986
8.18	0.8294124462	-0.0592607627	1.675910185	-4.991212683
8.19	0.8457958267	-0.1090780349	1.600520158	-4.970165949
8.2	0.861418048	-0.1586226688	1.523689771	-4.936696388
8.21	0.8762650513	-0.2077708287	1.445488166	-4.890887657
8.22	0.8903234751	-0.2563996696	1.36598572	-4.832854253
8.23	0.9035806679	-0.304387645	1.285253979	-4.762741232
8.24	0.9160246991	-0.3516148097	1.203365595	-4.680723837
8.25	0.9276443699	-0.3979631206	1.120394264	-4.587007071
8.26	0.9384292233	-0.4433167308	1.036414654	-4.481825175
8.27	0.9483695538	-0.4875622802	0.9515023406	-4.365441051
8.28	0.9574564158	-0.5305891777	0.8657337392	-4.238145598
8.29	0.9656816315	-0.5722898787	0.7791860359	-4.100256988
8.3	0.973037799	-0.612560153	0.6919371178	-3.952119871
8.31	0.9795182982	-0.6512993459	0.6040655029	-3.794104512
8.32	0.985117297	-0.6884106296	0.5156502699	-3.626605868
8.33	0.9898297567	-0.7238012453	0.4267709865	-3.450042599
8.34	0.9936514364	-0.7573827348	0.3375076379	-3.264856019
8.35	0.996578897	-0.789071162	0.2479405553	-3.071508999
8.36	0.9986095038	-0.8187873221	0.1581503429	-2.870484807
8.37	0.9997414294	-0.8464569404	0.06821780584	-2.662285898
8.38	0.9999736552	-0.8720108571	-0.02177612261	-2.44743266
8.39	0.9993059723	-0.8953852009	-0.111750454	-2.226462115
8.4	0.9977389814	-0.9165215479	-0.2016242176	-1.999926575
8.41	0.9952740928	-0.9353670684	-0.2913165329	-1.76839226
8.42	0.9919135246	-0.9518746583	-0.3807466831	-1.532437885
8.43	0.9876603013	-0.9660030574	-0.4698341869	-1.292653213
8.44	0.9825182503	-0.9777169518	-0.5584988717	-1.049637581
8.45	0.9764919993	-0.9869870631	-0.6466609452	-0.8039984025
8.46	0.9695869713	-0.9937902207	-0.7342410675	-0.5563496464
8.47	0.9618093806	-0.9981094204	-0.8211604223	-0.3073103059
8.48	0.9531662263	-0.9999338663	-0.9073407883	-0.05750284965
8.49	0.9436652867	-0.9992589982	-0.9927046087	0.1924483337
8.5	0.9333151121	-0.9960865031	-1.077175062	0.4419184965
8.51	0.9221250168	-0.9904243105	-1.160676131	0.6902840932
8.52	0.9101050713	-0.9822865729	-1.243132669	0.9369243392
8.53	0.8972660927	-0.9716936304	-1.324470472	1.181222762
8.54	0.8836196351	-0.95867196	-1.40461634	1.422568744
8.55	0.8691779795	-0.9432541088	-1.483498149	1.660359044
8.56	0.8539541224	-0.9254786137	-1.56104491	1.893999311
8.57	0.8379617643	-0.905389904	-1.637186836	2.122905567
8.58	0.8212152971	-0.883038191	-1.711855404	2.346505664
8.59	0.8037297915	-0.8584793425	-1.784983417	2.564240719
8.6	0.7855209834	-0.8317747426	-1.856505066	2.775566508
8.61	0.7666052595	-0.8029911391	-1.926355986	2.979954825
8.62	0.7469996425	-0.772200476	-1.994473316	3.176894808
8.63	0.7267217763	-0.7394797138	-2.060795754	3.365894208
8.64	0.7057899095	-0.7049106374	-2.125263615	3.546480626
8.65	0.6842228795	-0.6685796516	-2.187818882	3.718202689
8.66	0.6620400951	-0.6305775648	-2.24840526	3.880631182
8.67	0.6392615192	-0.5909993625	-2.306968225	4.033360118
8.68	0.6159076512	-0.5499439696	-2.363455074	4.176007754
8.69	0.5919995078	-0.5075140031	-2.417814973	4.308217545
8.7	0.5675586048	-0.463815516	-2.469999002	4.429659036
8.71	0.5426069374	-0.4189577316	-2.519960199	4.540028687
8.72	0.5171669604	-0.3730527711	-2.567653601	4.63905063
8.73	0.491261568	-0.3262153729	-2.613036289	4.726477363
8.74	0.4649140734	-0.2785626062	-2.65606742	4.802090364
8.75	0.4381481874	-0.2302135781	-2.69670827	4.865700639
8.76	0.4109879977	-0.1812891359	-2.734922264	4.917149197
8.77	0.3834579465	-0.1319115652	-2.770675013	4.956307443
8.78	0.3555828091	-0.0822042844	-2.803934342	4.983077502
8.79	0.3273876711	-0.03229153566	-2.834670319	4.997392462
8.8	0.2988979064	0.0177019251	-2.862855283	4.999216543
8.81	0.2701391536	0.06765114027	-2.888463872	4.988545187
8.82	0.2411372939	0.1174312628	-2.911473038	4.965405065
8.83	0.2119184269	0.1669178684	-2.931862074	4.929854017
8.84	0.1825088476	0.2159872662	-2.949612633	4.881980901
8.85	0.1529350227	0.2645168083	-2.964708739	4.821905376
8.86	0.1232235666	0.3123851962	-2.977136808	4.749777598
8.87	0.09340121755	0.3594727837	-2.986885654	4.66577785
8.88	0.06349481373	0.4056618766	-2.993946505	4.570116087
8.89	0.03353126887	0.4508370259	-2.998313007	4.463031414
8.9	0.003537548135	0.4948853176	-2.999981229	4.344791487
8.91	-0.02645935616	0.5376966536	-2.99894967	4.215691843
8.92	-0.05643244882	0.579164028	-2.995219259	4.076055166
8.93	-0.08635475608	0.619183794	-2.988793353	3.926230473
8.94	-0.1161993499	0.657655923	-2.979677734	3.766592249
8.95	-0.1459393721	0.6944842547	-2.967880607	3.597539506
8.96	-0.1755480588	0.7295767374	-2.953412587	3.419494788
8.97	-0.204998764	0.7628456582	-2.936286696	3.232903114
8.98	-0.2342649842	0.7942078622	-2.916518345	3.038230865
8.99	-0.2633203818	0.8235849601	-2.894125324	2.835964622
9	-0.2921388087	0.8509035245	-2.869127785	2.626609944
9.01	-0.3206943305	0.8760952733	-2.841548225	2.410690109
9.02	-0.348961249	0.8990972401	-2.811411464	2.188744804
9.03	-0.3769141259	0.9198519321	-2.778744622	1.961328778
9.04	-0.4045278056	0.9383074733	-2.743577098	1.72901045
9.05	-0.4317774375	0.9544177345	-2.705940539	1.492370497
9.06	-0.4586384989	0.9681424484	-2.665868816	1.252000395
9.07	-0.4850868166	0.9794473104	-2.623397992	1.008500944
9.08	-0.5110985889	0.9883040642	-2.578566286	0.762480766
9.09	-0.536650407	0.9946905725	-2.531414045	0.514554783
9.1	-0.5617192759	0.9985908724	-2.481983702	0.2653426811
9.11	-0.5862826354	0.9999952152	-2.430319741	0.01546736059
9.12	-0.6103183801	0.9989000907	-2.376468656	-0.2344466202
9.13	-0.6338048794	0.9953082363	-2.32047891	-0.4837746066
9.14	-0.6567209972	0.9892286296	-2.26240089	-0.7318934084
9.15	-0.6790461103	0.9806764665	-2.202286862	-0.9781828578
9.16	-0.7007601278	0.9696731229	-2.140190924	-1.22202736
9.17	-0.7218435085	0.9562461016	-2.076168958	-1.462817429
9.18	-0.7422772788	0.9404289629	-2.010278581	-1.699951217
9.19	-0.7620430496	0.9222612417	-1.942579089	-1.932836013
9.2	-0.7811230331	0.9017883476	-1.873131406	-2.160889724
9.21	-0.7995000585	0.8790614524	-1.801998032	-2.383542337
9.22	-0.8171575879	0.8541373613	-1.729242981	-2.600237336
9.23	-0.8340797307	0.8270783716	-1.654931728	-2.810433095
9.24	-0.8502512579	0.7979521167	-1.579131149	-3.013604235
9.25	-0.8656576165	0.7668313971	-1.501909458	-3.209242934
9.26	-0.8802849416	0.7337939984	-1.42333615	-3.396860197
9.27	-0.8941200696	0.6989224968	-1.343481935	-3.575987079
9.28	-0.90715055	0.662304053	-1.262418677	-3.746175855
9.29	-0.9193646561	0.6240301939	-1.180219328	-3.907001142
9.3	-0.9307513961	0.5841965844	-1.096957861	-4.058060962
9.31	-0.9413005226	0.5429027877	-1.012709206	-4.198977742
9.32	-0.9510025422	0.5002520167	-0.9275491808	-4.329399265
9.33	-0.9598487237	0.4563508762	-0.8415544241	-4.448999544
9.34	-0.9678311061	0.4113090962	-0.7548023252	-4.557479642
9.35	-0.9749425059	0.3652392576	-0.6673709552	-4.654568414
9.36	-0.9811765232	0.3182565111	-0.5793389964	-4.740023189
9.37	-0.9865275479	0.2704782891	-0.4907856716	-4.813630374
9.38	-0.9909907643	0.2220240122	-0.4017906729	-4.875205991
9.39	-0.994562156	0.1730147909	-0.3124340896	-4.924596131
9.4	-0.9972385089	0.1235731227	-0.2227963368	-4.961677346
9.41	-0.9990174144	0.07382258613	-0.1329580822	-4.986356951
9.42	-0.9998972717	0.0238875315	-0.04300017442	-4.998573261
9.43	-0.9998772889	-0.02610722952	0.04699643065	-4.998295741
9.44	-0.998957484	-0.07603673606	0.1369507421	-4.985525085
9.45	-0.9971386849	-0.1257761904	0.2267818071	-4.960293212
9.46	-0.9944225282	-0.1752012697	0.3164087839	-4.92266319
9.47	-0.9908114584	-0.2241884371	0.405751014	-4.872729073
9.48	-0.9863087251	-0.2726152501	0.4947280957	-4.810615671
9.49	-0.9809183806	-0.3203606671	0.5832599554	-4.736478235
9.5	-0.9746452757	-0.3673053491	0.6712669206	-4.650502071
9.51	-0.9674950559	-0.4133319591	0.7586697908	-4.552902073
9.52	-0.9594741558	-0.4583254545	0.8453899094	-4.443922192
9.53	-0.9505897938	-0.5021733749	0.9313492342	-4.323834819
9.54	-0.940849965	-0.5447661234	1.016470408	-4.19294011
9.55	-0.9302634349	-0.5859972403	1.100676826	-4.051565236
9.56	-0.9188397304	-0.6257636693	1.18389271	-3.900063558
9.57	-0.9065891322	-0.663966015	1.26604317	-3.738813752
9.58	-0.893522665	-0.7005087915	1.347054277	-3.568218859
9.59	-0.8796520876	-0.7353006607	1.426853126	-3.388705277
9.6	-0.8649898828	-0.7682546613	1.505367903	-3.200721697
9.61	-0.8495492455	-0.7992884253	1.582527951	-3.00473798
9.62	-0.8333440712	-0.8283243846	1.65826383	-2.801243982
9.63	-0.8163889434	-0.8552899642	1.732507384	-2.590748334
9.64	-0.7986991208	-0.8801177644	1.805191799	-2.373777163
9.65	-0.7802905228	-0.9027457285	1.876251662	-2.150872786
9.66	-0.761179716	-0.9231172984	1.945623026	-1.922592348
9.67	-0.7413838989	-0.9411815558	2.01324346	-1.689506429
9.68	-0.7209208863	-0.9568933495	2.079052111	-1.452197625
9.69	-0.6998090935	-0.9702134082	2.142989756	-1.211259082
9.7	-0.6780675198	-0.9811084386	2.204998854	-0.9672930231
9.71	-0.6557157312	-0.9895512089	2.265023602	-0.7209092351
9.72	-0.6327738426	-0.9955206165	2.323009982	-0.4727235494
9.73	-0.6092625002	-0.999001741	2.37890581	-0.223356301
9.74	-0.5852028628	-0.9999858814	2.432660783	0.02656922175
9.75	-0.5606165822	-0.9984705779	2.484226525	0.2764283353
9.76	-0.5355257846	-0.994459618	2.533556632	0.525596522
9.77	-0.5099530499	-0.9879630269	2.580606708	0.7734509911
9.78	-0.4839213919	-0.9789970428	2.625334413	1.019372236
9.79	-0.4574542373	-0.9675840759	2.667699493	1.26274558
9.8	-0.4305754048	-0.9537526528	2.707663825	1.502962719
9.81	-0.4033090834	-0.9375373447	2.745191441	1.739423233
9.82	-0.3756798112	-0.9189786815	2.780248571	1.971536095
9.83	-0.3477124524	-0.8981230502	2.812803664	2.198721144
9.84	-0.3194321759	-0.875022579	2.842827424	2.420410535
9.85	-0.290864432	-0.8497350071	2.870292832	2.63605016
9.86	-0.2620349298	-0.8223235401	2.895175169	2.845101032
9.87	-0.2329696138	-0.7928566926	2.917452044	3.047040634
9.88	-0.2036946408	-0.7614081163	2.93710341	3.241364221
9.89	-0.1742363565	-0.7280564162	2.95411158	3.427586085
9.9	-0.1446212712	-0.6928849542	2.96846125	3.605240769
9.91	-0.1148760365	-0.6559816407	2.980139504	3.773884229
9.92	-0.08502742109	-0.6174387148	2.989135835	3.933094944
9.93	-0.05510228677	-0.5773525135	2.995442145	4.08247497
9.94	-0.02512756412	-0.5358232317	2.999052759	4.221650934
9.95	0.004869771649	-0.4929546709	2.999964428	4.35027497
9.96	0.03486272495	-0.4488539801	2.998176331	4.468025583
9.97	0.06482430415	-0.4036313881	2.993690079	4.57460846
9.98	0.09472754585	-0.3573999279	2.986509707	4.669757198
9.99	0.1245455392	-0.3102751539	2.976641678	4.753233975
10	0.1542514499	-0.2623748537	2.964094872	4.824830142
