0	0.9685696914	0	-0.2487423425	-0	6.082617662	0
0.01	0.9666603771	0.06078620305	-0.2487423425	-0.3817373552	6.070627168	0
0.02	0.9609399617	0.1213327538	-0.2487423425	-0.761969694	6.034702959	0
0.03	0.9514309982	0.1814009449	-0.2487423425	-1.139197934	5.974986668	0
0.04	0.9381709761	0.2407539547	-0.2487423425	-1.511934836	5.89171373	0
0.05	0.9212121736	0.2991577815	-0.2487423425	-1.878710868	5.78521245	0
0.06	0.9006214516	0.3563821655	-0.2487423425	-2.23808	5.655902716	0
0.07	0.8764799899	0.4122014972	-0.2487423425	-2.588625403	5.504294337	0
0.08	0.8488829673	0.4663957063	-0.2487423425	-2.928965036	5.330985035	0
0.09	0.8179391862	0.5187511299	-0.2487423425	-3.257757096	5.136658089	0
0.1	0.7837706438	0.5690613543	-0.2487423425	-3.573705305	4.922079643	0
0.11	0.7465120512	0.6171280292	-0.2487423425	-3.875564023	4.688095682	0
0.12	0.706310302	0.6627616497	-0.2487423425	-4.16214316	4.435628697	0
0.13	0.6633238933	0.7057823033	-0.2487423425	-4.432312864	4.16567405	0
0.14	0.617722301	0.746020379	-0.2487423425	-4.68500798	3.87929605	0
0.15	0.5696853113	0.7833172366	-0.2487423425	-4.919232246	3.577623755	0
0.16	0.5194023122	0.8175258315	-0.2487423425	-5.134062222	3.261846521	0
0.17	0.4670715467	0.8485112948	-0.2487423425	-5.328650931	2.933209313	0
0.18	0.4128993309	0.876151465	-0.2487423425	-5.5022312	2.593007798	0
0.19	0.3570992415	0.9003373694	-0.2487423425	-5.65411868	2.242583236	0
0.2	0.2998912725	0.9209736542	-0.2487423425	-5.783714548	1.883317191	0
0.21	0.241500969	0.9379789598	-0.2487423425	-5.890507868	1.516626085	0
0.22	0.1821585373	0.9512862421	-0.2487423425	-5.9740776	1.143955614	0
0.23	0.1220979375	0.9608430365	-0.2487423425	-6.034094269	0.7667750475	0
0.24	0.06155596126	0.9666116649	-0.2487423425	-6.070321255	0.3865714367	0
0.25	0.0007712979164	0.9685693843	-0.2487423425	-6.082615733	0.004843750915	0
0.26	-0.0600164063	0.9667084762	-0.2487423425	-6.070929231	-0.3769030316	0
0.27	-0.1205674932	0.9610362775	-0.2487423425	-6.035307823	-0.7571638572	0
0.28	-0.1806432374	0.9515751509	-0.2487423425	-5.975891948	-1.134439531	0
0.29	-0.2400067878	0.9383623974	-0.2487423425	-5.892915856	-1.507242627	0
0.3	-0.2984241008	0.9214501089	-0.2487423425	-5.786706684	-1.874103353	0
0.31	-0.3556648636	0.9009049627	-0.2487423425	-5.657683166	-2.233575344	0
0.32	-0.4115034021	0.8768079591	-0.2487423425	-5.506353983	-2.584241365	0
0.33	-0.4657195703	0.8492541015	-0.2487423425	-5.333315757	-2.924718901	0
0.34	-0.5180996186	0.8183520222	-0.2487423425	-5.1392507	-3.253665605	0
0.35	-0.5684370363	0.7842235541	-0.2487423425	-4.92492392	-3.569784588	0
0.36	-0.616533366	0.7470032501	-0.2487423425	-4.69118041	-3.871829539	0
0.37	-0.6621989858	0.7068378529	-0.2487423425	-4.438941716	-4.158609631	0
0.38	-0.7052538569	0.6638857163	-0.2487423425	-4.169202298	-4.428994222	0
0.39	-0.7455282337	0.6183161811	-0.2487423425	-3.883025617	-4.681917308	0
0.4	-0.7828633326	0.5703089071	-0.2487423425	-3.581539937	-4.916381729	0
0.41	-0.8171119583	0.5200531652	-0.2487423425	-3.265933877	-5.131463098	0
0.42	-0.8481390842	0.4677470908	-0.2487423425	-2.93745173	-5.326313449	0
0.43	-0.8758223844	0.4135969028	-0.2487423425	-2.59738855	-5.500164574	0
0.44	-0.9000527163	0.3578160909	-0.2487423425	-2.247085051	-5.652331058	0
0.45	-0.9207345508	0.3006245733	-0.2487423425	-1.88792232	-5.782212979	0
0.46	-0.9377863487	0.2422478301	-0.2487423425	-1.521316373	-5.88929827	0
0.47	-0.9511408827	0.1829160142	-0.2487423425	-1.148712569	-5.973164744	0
0.48	-0.960745502	0.1228630438	-0.2487423425	-0.7715799149	-6.033481752	0
0.49	-0.9665623397	0.06232568043	-0.2487423425	-0.3914052731	-6.070011494	0
0.5	-0.968568463	0.001542595344	-0.2487423425	-0.009687498759	-6.082609947	0
0.51	-0.9667559624	-0.05924657149	-0.2487423425	0.3720684689	-6.071227444	0
0.52	-0.9611319839	-0.1198021561	-0.2487423425	0.7523575403	-6.035908859	0
0.53	-0.9517187002	-0.1798854154	-0.2487423425	1.129680409	-5.976793437	0
0.54	-0.9385532237	-0.2392594686	-0.2487423425	1.502549463	-5.894114245	0
0.55	-0.9216874598	-0.2976902308	-0.2487423425	1.869494649	-5.788197247	0
0.56	-0.9011879025	-0.3549473362	-0.2487423425	2.229069271	-5.659460028	0
0.57	-0.8771353722	-0.410805046	-0.2487423425	2.579855689	-5.508410138	0
0.58	-0.8496246972	-0.4650431389	-0.2487423425	2.920470912	-5.335643098	0
0.59	-0.8187643393	-0.5174477787	-0.2487423425	3.24957205	-5.141840051	0
0.6	-0.784675967	-0.5678123579	-0.2487423425	3.565861608	-4.927765073	0
0.61	-0.7474939752	-0.6159383119	-0.2487423425	3.868092599	-4.694262164	0
0.62	-0.7073649555	-0.661635902	-0.2487423425	4.155073464	-4.44225192	0
0.63	-0.6644471183	-0.7047249634	-0.2487423425	4.42567277	-4.172727903	0
0.64	-0.6189096691	-0.7450356156	-0.2487423425	4.678823666	-3.886752722	0
0.65	-0.5709321413	-0.7824089321	-0.2487423425	4.913528094	-3.585453847	0
0.66	-0.5207036884	-0.816697567	-0.2487423425	5.128860721	-3.270019163	0
0.67	-0.4684223383	-0.8477663358	-0.2487423425	5.323972589	-2.941692284	0
0.68	-0.4142942125	-0.8754927484	-0.2487423425	5.49809446	-2.601767654	0
0.69	-0.3585327135	-0.8997674924	-0.2487423425	5.650539852	-2.251585441	0
0.7	-0.3013576835	-0.9204948634	-0.2487423425	5.780707742	-1.892526252	0
0.71	-0.2429945376	-0.937593143	-0.2487423425	5.888084938	-1.526005696	0
0.72	-0.183673375	-0.9509949203	-0.2487423425	5.972248099	-1.153468795	0
0.73	-0.1236280721	-0.9606473582	-0.2487423425	6.03286541	-0.7763842929	0
0.74	-0.06309536007	-0.9665124017	-0.2487423425	6.069697883	-0.3962388613	0
0.75	-0.002313891793	-0.9685669275	-0.2487423425	6.082600304	-0.01453124046	0
0.76	0.05847669911	-0.9668028355	-0.2487423425	6.071521807	0.3672336704	0
0.77	0.119036743	-0.9612270808	-0.2487423425	6.036506067	0.7475507463	0
0.78	0.1791274794	-0.951861646	-0.2487423425	5.977691137	1.124920571	0
0.79	0.2385119978	-0.9387434548	-0.2487423425	5.895308896	1.497855346	0
0.8	0.2969561721	-0.9219242262	-0.2487423425	5.789684141	1.864884761	0
0.81	0.3542295836	-0.9014702708	-0.2487423425	5.661233301	2.224561785	0
0.82	0.4101064294	-0.8774622292	-0.2487423425	5.510462799	2.575468377	0
0.83	0.4643664126	-0.849994754	-0.2487423425	5.337967055	2.916221071	0
0.84	0.5167956108	-0.8191761372	-0.2487423425	5.144426142	3.245476436	0
0.85	0.5671873195	-0.7851278824	-0.2487423425	4.930603101	3.561936366	0
0.86	0.6153428672	-0.7479842263	-0.2487423425	4.697340941	3.864353206	0
0.87	0.6610723986	-0.7078916095	-0.2487423425	4.445559308	4.151534663	0
0.88	0.704195623	-0.6650080989	-0.2487423425	4.176250861	4.422348512	0
0.89	0.7445425251	-0.6195027646	-0.2487423425	3.890477362	4.675727058	0
0.9	0.7819540356	-0.5715550134	-0.2487423425	3.589365484	4.910671343	0
0.91	0.8162826578	-0.5213538814	-0.2487423425	3.274102375	5.126255091	0
0.92	0.8473930498	-0.4690972887	-0.2487423425	2.945930973	5.321628352	0
0.93	0.8751625573	-0.4149912594	-0.2487423425	2.606145109	5.49602086	0
0.94	0.899481698	-0.3592491087	-0.2487423425	2.256084403	5.648745063	0
0.95	0.9202545924	-0.3020906026	-0.2487423425	1.897128984	5.77919884	0
0.96	0.9373993426	-0.243741091	-0.2487423425	1.530694052	5.886867872	0
0.97	0.9508483547	-0.1844306195	-0.2487423425	1.15822429	5.971327668	0
0.98	0.9605486053	-0.1243930221	-0.2487423425	0.7811881786	6.032245241	0
0.99	0.9664618507	-0.06386499971	-0.2487423425	0.4010721982	6.069380422	0
1	0.9685647777	-0.003085186775	-0.2487423425	0.01937497295	6.082586804	0
1.01	0.9668490955	0.05770678964	-0.2487423425	-0.362398639	6.07181232	0
1.02	0.9613215682	0.1182712545	-0.2487423425	-0.7427434783	6.037099448	0
1.03	0.9520039882	0.1783694297	-0.2487423425	-1.120160019	5.978585046	0
1.04	0.9389330907	0.2377643756	-0.2487423425	-1.493160279	5.896499809	0
1.05	0.9221604081	0.296221925	-0.2487423425	-1.860273689	5.791167363	0
1.06	0.9017520675	0.3535116065	-0.2487423425	-2.220052889	5.663002984	0
1.07	0.8777885296	0.4094075528	-0.2487423425	-2.571079432	5.512511966	0
1.08	0.8503642719	0.4636893918	-0.2487423425	-2.911969381	5.340287628	0
1.09	0.8195874156	0.5161431151	-0.2487423425	-3.241378763	5.14700897	0
1.1	0.7855792999	0.5665619213	-0.2487423425	-3.558008866	4.933438003	0
1.11	0.7484740031	0.6147470323	-0.2487423425	-3.860611363	4.70041674	0
1.12	0.7084178147	0.660508476	-0.2487423425	-4.147993229	4.448863876	0
1.13	0.6655686579	0.703665836	-0.2487423425	-4.41902145	4.179771171	0
1.14	0.6200954673	0.7440489624	-0.2487423425	-4.672627484	3.894199535	0
1.15	0.5721775231	0.7814986431	-0.2487423425	-4.907811479	3.593274845	0
1.16	0.5220037437	0.815867231	-0.2487423425	-5.12364621	3.278183511	0
1.17	0.4697719417	0.8470192264	-0.2487423425	-5.319280742	2.950167794	0
1.18	0.4156880431	0.8748318112	-0.2487423425	-5.493943774	2.610520911	0
1.19	0.3599652761	0.8991953331	-0.2487423425	-5.646946692	2.260581934	0
1.2	0.3028233301	0.9200137378	-0.2487423425	-5.777686273	1.901730513	0
1.21	0.2444874899	0.9372049479	-0.2487423425	-5.885647073	1.535381436	0
1.22	0.1851877469	0.9507011862	-0.2487423425	-5.970403449	1.162979051	0
1.23	0.1251578931	0.9604492432	-0.2487423425	-6.031621248	0.7859915689	0
1.24	0.06463459885	0.9664106869	-0.2487423425	-6.069059114	0.4059052808	0
1.25	0.0038564798	0.9685620138	-0.2487423425	-6.082569447	0.02421869314	0
1.26	-0.05693684359	0.9668947424	-0.2487423425	-6.072098982	-0.3575633777	0
1.27	-0.117505691	0.9614154459	-0.2487423425	-6.037689	-0.7379357392	0
1.28	-0.177611267	0.9521457267	-0.2487423425	-5.979475164	-1.115398757	0
1.29	-0.2370166028	0.9391221311	-0.2487423425	-5.897686983	-1.488464265	0
1.3	-0.2954874902	0.9223960051	-0.2487423425	-5.792646912	-1.855661438	0
1.31	-0.3527934051	0.9020332923	-0.2487423425	-5.664769075	-2.215542584	0
1.32	-0.4087084165	0.8781142735	-0.2487423425	-5.514557638	-2.566688856	0
1.33	-0.463012077	0.8507332505	-0.2487423425	-5.342604813	-2.907715844	0
1.34	-0.5154902921	0.8199981743	-0.2487423425	-5.149588535	-3.237279034	0
1.35	-0.5659361639	0.7860302192	-0.2487423425	-4.936269776	-3.554079109	0
1.36	-0.6141508075	0.7489633053	-0.2487423425	-4.703489557	-3.856867071	0
1.37	-0.6599441345	0.7089435706	-0.2487423425	-4.452165624	-4.144449165	0
1.38	-0.7031356028	0.6661287947	-0.2487423425	-4.183288831	-4.415691585	0
1.39	-0.7435549279	0.6206877767	-0.2487423425	-3.897919238	-4.669524947	0
1.4	-0.7810427551	0.5727996699	-0.2487423425	-3.597181927	-4.904948502	0
1.41	-0.8154512868	0.5226532751	-0.2487423425	-3.282262568	-5.121034081	0
1.42	-0.8466448659	0.4704462968	-0.2487423425	-2.954402744	-5.316929758	0
1.43	-0.8745005103	0.4163845632	-0.2487423425	-2.614895057	-5.491863205	0
1.44	-0.898908398	0.3606812152	-0.2487423425	-2.265078032	-5.64514474	0
1.45	-0.9197722998	0.3035558656	-0.2487423425	-1.906330836	-5.776170043	0
1.46	-0.9370099588	0.2452337337	-0.2487423425	-1.540067848	-5.884422541	0
1.47	-0.9505534148	0.185944757	-0.2487423425	-1.167733074	-5.969475445	0
1.48	-0.9603492721	0.1259226848	-0.2487423425	-0.7907944608	-6.030993429	0
1.49	-0.9663589102	0.065404157	-0.2487423425	-0.4107381059	-6.068733956	0
1.5	-0.9685586357	0.00462777038	-0.2487423425	-0.02906239799	-6.082548232	0
1.51	-0.9669397762	-0.05616686142	-0.2487423425	0.3527278897	-6.072381794	0
1.52	-0.961508714	-0.1167400529	-0.2487423425	0.7331275322	-6.038274724	0
1.53	-0.9522868614	-0.1768529916	-0.2487423425	1.110636787	-5.98036149	0
1.54	-0.939310576	-0.2362686796	-0.2487423425	1.483767308	-5.898870417	0
1.55	-0.9226310172	-0.2947528679	-0.2487423425	1.85104801	-5.794122788	0
1.56	-0.9023139451	-0.35207498	-0.2487423425	2.211030875	-5.666531575	0
1.57	-0.8784394605	-0.4080090211	-0.2487423425	2.562296652	-5.516599812	0
1.58	-0.8511016897	-0.4623344686	-0.2487423425	2.903460463	-5.344918611	0
1.59	-0.820408413	-0.5148371422	-0.2487423425	3.233177253	-5.152164834	0
1.6	-0.78648064	-0.5653100476	-0.2487423425	3.550147099	-4.939098419	0
1.61	-0.7494521325	-0.6135541933	-0.2487423425	3.853120334	-4.706559392	0
1.62	-0.709468877	-0.6593793746	-0.2487423425	4.140902472	-4.455464548	0
1.63	-0.6666885092	-0.7026049237	-0.2487423425	4.412358921	-4.186803838	0
1.64	-0.6212796926	-0.7430604219	-0.2487423425	4.66641945	-3.90163647	0
1.65	-0.5734214535	-0.7805863717	-0.2487423425	4.902082415	-3.601086728	0
1.66	-0.523302475	-0.8150348254	-0.2487423425	5.118418704	-3.286339543	0
1.67	-0.4711203535	-0.8462699685	-0.2487423425	5.314575402	-2.95863582	0
1.68	-0.4170808193	-0.8741686549	-0.2487423425	5.489779153	-2.619267545	0
1.69	-0.3613969256	-0.8986208929	-0.2487423425	5.643339208	-2.269572693	0
1.7	-0.3042882086	-0.9195302785	-0.2487423425	5.774650149	-1.91092995	0
1.71	-0.245979822	-0.9368143755	-0.2487423425	5.883194278	-1.544753282	0
1.72	-0.1867016491	-0.9504050406	-0.2487423425	5.968543655	-1.172486356	0
1.73	-0.1266873967	-0.960248692	-0.2487423425	6.030361786	-0.7955968512	0
1.74	-0.06617367367	-0.9663065207	-0.2487423425	6.06840495	-0.4155706707	0
1.75	-0.005399058025	-0.9685546434	-0.2487423425	6.08252316	-0.0339060844	0
1.76	0.05539684364	-0.9669841968	-0.2487423425	6.072660756	0.3478921781	0
1.77	0.1159743408	-0.9616013724	-0.2487423425	6.038856618	0.7283188603	0
1.78	0.1760946041	-0.9524273922	-0.2487423425	5.981244023	1.105874113	0
1.79	0.2355206066	-0.9394984252	-0.2487423425	5.90005011	1.479069409	0
1.8	0.2940180587	-0.9228654443	-0.2487423425	5.79559499	1.846433409	0
1.81	0.3513563317	-0.9025940257	-0.2487423425	5.668290481	2.206517763	0
1.82	0.4073093669	-0.8787640905	-0.2487423425	5.518638488	2.557902824	0
1.83	0.461656567	-0.8514695891	-0.2487423425	5.34722902	2.899203241	0
1.84	0.5141836658	-0.8208181314	-0.2487423425	5.154737865	3.229073421	0
1.85	0.5646835728	-0.7869305621	-0.2487423425	4.94192393	3.546212837	0
1.86	0.61295719	-0.7499404845	-0.2487423425	4.709626243	3.849371153	0
1.87	0.6588141965	-0.7099937334	-0.2487423425	4.458760646	4.137353154	0
1.88	0.702073799	-0.6672478009	-0.2487423425	4.190316189	4.409023458	0
1.89	0.7425654447	-0.6218712145	-0.2487423425	3.905351227	4.663310993	0
1.9	0.7801294934	-0.5740428734	-0.2487423425	3.604989245	4.899213219	0
1.91	0.8146178473	-0.5239513431	-0.2487423425	3.290414435	5.115800081	0
1.92	0.8458945344	-0.4717941116	-0.2487423425	2.962867021	5.312217676	0
1.93	0.8738362451	-0.4177768109	-0.2487423425	2.623638373	5.487691619	0
1.94	0.898332818	-0.3621124069	-0.2487423425	2.274065915	5.641530097	0
1.95	0.9192876741	-0.3050203587	-0.2487423425	1.915527853	5.773126594	0
1.96	0.9366181982	-0.2467257543	-0.2487423425	1.549437737	5.881962285	0
1.97	0.9502560638	-0.1874584228	-0.2487423425	1.177238895	5.967608081	0
1.98	0.960147503	-0.1274520282	-0.2487423425	0.8003987372	6.029726319	0
1.99	0.9662535185	-0.06694314838	-0.2487423425	0.4204029718	6.068072096	0
2	0.9685500369	-0.006170342247	-0.2487423425	0.03874974931	6.082494232	0
2.01	0.9670280041	0.05462679074	-0.2487423425	-0.3430562458	6.072935866	0
2.02	0.9616934209	0.1152085552	-0.2487423425	-0.7235097266	6.039434683	0
2.03	0.9525673191	0.1753361048	-0.2487423425	-1.101110738	5.982122764	0
2.04	0.9396856787	0.2347723842	-0.2487423425	-1.474370573	5.901226062	0
2.05	0.9230992861	0.2932830631	-0.2487423425	-1.841817636	5.797063517	0
2.06	0.9028735339	0.3506374606	-0.2487423425	-2.202003252	5.670045793	0
2.07	0.8790881632	0.4066094545	-0.2487423425	-2.553507374	5.520673665	0
2.08	0.8518369486	0.4609783727	-0.2487423425	-2.89494418	5.349536037	0
2.09	0.8212273294	0.5135298634	-0.2487423425	-3.224967542	5.157307628	0
2.1	0.7873799852	0.56405674	-0.2487423425	-3.542276327	4.944746307	0
2.11	0.7504283609	0.612359798	-0.2487423425	-3.845619532	4.712690106	0
2.12	0.7105181397	0.6582486006	-0.2487423425	-4.133801212	4.462053917	0
2.13	0.6678066694	0.7015422292	-0.2487423425	-4.405685199	4.193825884	0
2.14	0.622462342	0.7420699966	-0.2487423425	-4.660199579	3.909063508	0
2.15	0.5746639294	0.7796721204	-0.2487423425	-4.896340916	3.608889477	0
2.16	0.5245998789	0.8142003525	-0.2487423425	-5.113178214	3.29448724	0
2.17	0.4724675704	0.845518564	-0.2487423425	-5.309856582	2.967096342	0
2.18	0.4184725376	0.8735032812	-0.2487423425	-5.485600606	2.628007536	0
2.19	0.3628276585	0.8980441734	-0.2487423425	-5.639717409	2.278557695	0
2.2	0.3057523153	0.9190444868	-0.2487423425	-5.771599377	1.92012454	0
2.21	0.2474715302	0.9364214269	-0.2487423425	-5.880726561	1.55412121	0
2.22	0.1882150777	0.9501064843	-0.2487423425	-5.966668722	1.181990688	0
2.23	0.1282165789	0.9600457051	-0.2487423425	-6.029087028	0.8052001155	0
2.24	0.06771258064	0.9661999035	-0.2487423425	-6.067735394	0.4252350064	0
2.25	0.006941622555	0.9685448162	-0.2487423425	-6.082461446	0.04359338965	0
2.26	-0.05385670318	0.9670711983	-0.2487423425	-6.073207125	-0.338220096	0
2.27	-0.1144426965	0.9617848597	-0.2487423425	-6.040008919	-0.718700134	0
2.28	-0.1745774945	0.9527066419	-0.2487423425	-5.982997711	-1.096346665	0
2.29	-0.2340240129	0.9398723362	-0.2487423425	-5.902398272	-1.469670801	0
2.3	-0.2925478815	0.9233325425	-0.2487423425	-5.798528367	-1.837200696	0
2.31	-0.3499183671	0.9031524696	-0.2487423425	-5.671797509	-2.197487345	0
2.32	-0.4059092842	0.8794116784	-0.2487423425	-5.52270534	-2.549110304	0
2.33	-0.460299886	0.8522037679	-0.2487423425	-5.351839662	-2.890683284	0
2.34	-0.5128757353	0.8216360065	-0.2487423425	-5.159874121	-3.220859618	0
2.35	-0.5634295494	0.787828909	-0.2487423425	-4.947565549	-3.53833757	0
2.36	-0.6117620177	0.7509157614	-0.2487423425	-4.715750982	-3.841865471	0
2.37	-0.6576825874	0.7110420953	-0.2487423425	-4.465344359	-4.130246649	0
2.38	-0.7010102145	0.6683651145	-0.2487423425	-4.197332919	-4.402344147	0
2.39	-0.7415740779	0.6230530748	-0.2487423425	-3.91277331	-4.657085209	0
2.4	-0.7792142529	0.5752846209	-0.2487423425	-3.612787419	-4.893465509	0
2.41	-0.8137823415	0.5252480821	-0.2487423425	-3.298557956	-5.110553105	0
2.42	-0.8451420573	0.4731407296	-0.2487423425	-2.971323782	-5.30749212	0
2.43	-0.8731697634	0.4191679989	-0.2487423425	-2.632375033	-5.483506114	0
2.44	-0.8977549593	0.36354268	-0.2487423425	-2.28304803	-5.637901144	0
2.45	-0.9188007167	0.306484078	-0.2487423425	-1.92472001	-5.770068501	0
2.46	-0.9362240618	0.2482171491	-0.2487423425	-1.558803696	-5.879487108	0
2.47	-0.9499563024	0.1889716131	-0.2487423425	-1.186741731	-5.965725579	0
2.48	-0.9599432984	0.1289810483	-0.2487423425	-0.8100009832	-6.028443914	0
2.49	-0.9661456758	0.06848196996	-0.2487423425	-0.4300667714	-6.067394844	0
2.5	-0.9685389813	0.007712898462	-0.2487423425	-0.04843700234	-6.082424802	0
2.51	-0.9671137792	-0.05308658148	-0.2487423425	0.3333837317	-6.073474533	0
2.52	-0.9618756885	-0.1136767652	-0.2487423425	0.7138900857	-6.040579324	0
2.53	-0.9528453605	-0.1738187734	-0.2487423425	1.091581897	-5.983868864	0
2.54	-0.9400583978	-0.2332754933	-0.2487423425	1.464970098	-5.903566738	0
2.55	-0.9235652135	-0.2918125143	-0.2487423425	1.83258259	-5.799989541	0
2.56	-0.9034308326	-0.3491990517	-0.2487423425	2.192970045	-5.673545629	0
2.57	-0.879734636	-0.4052088564	-0.2487423425	2.544711618	-5.524733514	0
2.58	-0.8525700468	-0.4596211074	-0.2487423425	2.886420555	-5.354139894	0
2.59	-0.8220441627	-0.512221282	-0.2487423425	3.216749651	-5.162437342	0
2.6	-0.7882773332	-0.5628020015	-0.2487423425	3.53439657	-4.950381653	0
2.61	-0.7514026858	-0.6111638495	-0.2487423425	3.838108975	-4.718808867	0
2.62	-0.7115656001	-0.657116157	-0.2487423425	4.126689466	-4.468631969	0
2.63	-0.6689231357	-0.7004777552	-0.2487423425	4.399000303	-4.200837292	0
2.64	-0.6236434125	-0.741077689	-0.2487423425	4.653967887	-3.91648063	0
2.65	-0.5759049476	-0.7787558914	-0.2487423425	4.890586998	-3.616683071	0
2.66	-0.5258959522	-0.8133638144	-0.2487423425	5.107924754	-3.30262658	0
2.67	-0.4738135888	-0.8447650148	-0.2487423425	5.305124293	-2.975549337	0
2.68	-0.4198631944	-0.8728356919	-0.2487423425	5.481408145	-2.636740861	0
2.69	-0.364257471	-0.8974651759	-0.2487423425	5.636081304	-2.287536918	0
2.7	-0.3072156464	-0.9185563639	-0.2487423425	5.768533965	-1.929314259	0
2.71	-0.2489626106	-0.936026103	-0.2487423425	5.878243927	-1.563485195	0
2.72	-0.1897280288	-0.9498055181	-0.2487423425	5.964778653	-1.191492021	0
2.73	-0.1297454359	-0.959840283	-0.2487423425	6.027796977	-0.8148013373	0
2.74	-0.06925131586	-0.9660908354	-0.2487423425	6.067050447	-0.4348982636	0
2.75	-0.008484169478	-0.9685325322	-0.2487423425	6.082384302	-0.05328058432	0
2.76	0.05231642612	-0.9671557468	-0.2487423425	6.07373809	0.328547156	0
2.77	0.1129107619	-0.9619659073	-0.2487423425	6.041145898	0.7090795847	0
2.78	0.173059942	-0.9529834749	-0.2487423425	5.984736223	1.086816436	0
2.79	0.2325268257	-0.9402438632	-0.2487423425	5.904731461	1.460268466	0
2.8	0.2910769622	-0.9237972987	-0.2487423425	5.801447036	1.827963322	0
2.81	0.3484795149	-0.9037086227	-0.2487423425	5.675290151	2.188451353	0
2.82	0.4045081718	-0.8800570357	-0.2487423425	5.526758184	2.540311319	0
2.83	0.4589420374	-0.852935785	-0.2487423425	5.35643673	2.882155995	0
2.84	0.5115665038	-0.8224517975	-0.2487423425	5.164997288	3.212637644	0
2.85	0.5621740968	-0.7887252576	-0.2487423425	4.953194618	3.530453328	0
2.86	0.6105652937	-0.7518891336	-0.2487423425	4.721863759	3.834350044	0
2.87	0.65654931	-0.7120886536	-0.2487423425	4.471916745	4.123129667	0
2.88	0.6999448517	-0.6694807328	-0.2487423425	4.204339002	4.395653669	0
2.89	0.7405808301	-0.6242333547	-0.2487423425	3.920185468	4.650847613	0
2.9	0.778297036	-0.5765249091	-0.2487423425	3.620576429	4.887705386	0
2.91	0.8129447715	-0.5265434887	-0.2487423425	3.306693109	5.105293165	0
2.92	0.8443874365	-0.4744861475	-0.2487423425	2.979773006	5.302753101	0
2.93	0.8725010669	-0.4205581237	-0.2487423425	2.641105017	5.4793067	0
2.94	0.8971748234	-0.364972031	-0.2487423425	2.292024355	5.634257891	0
2.95	0.9183114286	-0.30794702	-0.2487423425	1.933907285	5.766995772	0
2.96	0.9358275507	-0.2497079143	-0.2487423425	1.568165702	5.876997018	0
2.97	0.9496541314	-0.1904843242	-0.2487423425	1.196241556	5.963827945	0
2.98	0.9597366589	-0.1305097412	-0.2487423425	0.8196011747	6.027146218	0
2.99	0.9660353824	-0.07002061784	-0.2487423425	0.43972948	6.066702202	0
3	0.9685254689	-0.009255435113	-0.2487423425	0.05812413251	6.082339945	0
3.01	0.9671971011	0.05154623757	-0.2487423425	-0.323710372	6.073997795	0
3.02	0.9620555162	0.1121446869	-0.2487423425	-0.704268634	6.041708642	0
3.03	0.953120985	0.172301001	-0.2487423425	-1.082050286	5.985599786	0
3.04	0.9404287324	0.2317780107	-0.2487423425	-1.455565907	5.90589244	0
3.05	0.9240287982	0.2903412254	-0.2487423425	-1.823342896	5.802900853	0
3.06	0.9039858397	0.3477597571	-0.2487423425	-2.183931274	5.677031073	0
3.07	0.8803788773	0.4038072306	-0.2487423425	-2.535909408	5.528779349	0
3.08	0.8533009824	0.4582626763	-0.2487423425	-2.877889607	5.358730169	0
3.09	0.8228589108	0.5109114013	-0.2487423425	-3.2085236	5.16755396	0
3.1	0.7891726817	0.5615458356	-0.2487423425	-3.526507847	4.956004441	0
3.11	0.7523751047	0.6099663507	-0.2487423425	-3.830588682	4.724915657	0
3.12	0.7126112556	0.6559820466	-0.2487423425	-4.119567253	4.475198685	0
3.13	0.6700379053	0.6994115044	-0.2487423425	-4.392304248	4.207838045	0
3.14	0.6248229011	0.7400835016	-0.2487423425	-4.64772439	3.923887819	0
3.15	0.5771445051	0.777837687	-0.2487423425	-4.884820674	3.624467492	0
3.16	0.5271906914	0.8125252131	-0.2487423425	-5.102658338	3.310757542	0
3.17	0.4751584053	0.8440093228	-0.2487423425	-5.300378547	2.983994785	0
3.18	0.4212527862	0.8721658885	-0.2487423425	-5.47720178	2.645467498	0
3.19	0.3656863595	0.8968839019	-0.2487423425	-5.632430904	2.296510338	0
3.2	0.3086781982	0.918065911	-0.2487423425	-5.765453921	1.938499085	0
3.21	0.2504530596	0.9356284049	-0.2487423425	-5.875746383	1.572845214	0
3.22	0.1912404987	0.9495021425	-0.2487423425	-5.962873455	1.200990332	0
3.23	0.1312739638	0.9596324262	-0.2487423425	-6.026491637	0.8244004924	0
3.24	0.07078987542	0.9659793169	-0.2487423425	-6.06635011	0.4445604176	0
3.25	0.01002669488	0.9685177915	-0.2487423425	-6.082291731	0.06296764384	0
3.26	-0.05077601634	0.9672378421	-0.2487423425	-6.074253648	-0.3188733826	0
3.27	-0.1113785409	0.962144515	-0.2487423425	-6.042267554	-0.6994572368	0
3.28	-0.1715419506	0.9532578907	-0.2487423425	-5.986459554	-1.07728345	0
3.29	-0.2310290487	0.9406130053	-0.2487423425	-5.907049673	-1.450862426	0
3.3	-0.2896053045	0.9242597117	-0.2487423425	-5.804350989	-1.818721313	0
3.31	-0.3470397787	0.9042624835	-0.2487423425	-5.678768396	-2.179409811	0
3.32	-0.4031060333	0.8807001606	-0.2487423425	-5.530797009	-2.531505889	0
3.33	-0.4575830247	0.8536656386	-0.2487423425	-5.361020211	-2.873621395	0
3.34	-0.5102559748	0.8232655023	-0.2487423425	-5.170107354	-3.204407522	0
3.35	-0.5609172182	0.7896196055	-0.2487423425	-4.958811122	-3.52256013	0
3.36	-0.6093670209	0.7528605986	-0.2487423425	-4.727964559	-3.826824891	0
3.37	-0.6554143672	0.7131334057	-0.2487423425	-4.478477788	-4.116002226	0
3.38	-0.6988777136	0.6705946529	-0.2487423425	-4.21133442	-4.388952041	0
3.39	-0.7395857038	0.6254120512	-0.2487423425	-3.927587682	-4.64459822	0
3.4	-0.7773778448	0.577763735	-0.2487423425	-3.628356256	-4.881932865	0
3.41	-0.8121051394	0.5278375598	-0.2487423425	-3.314819876	-5.100020276	0
3.42	-0.8436306738	0.4758303618	-0.2487423425	-2.988214672	-5.298000632	0
3.43	-0.8718301572	0.4219471817	-0.2487423425	-2.649828301	-5.475093387	0
3.44	-0.8965924117	0.3664004562	-0.2487423425	-2.300994865	-5.630600346	0
3.45	-0.9178198112	0.3094091808	-0.2487423425	-1.943089655	-5.763908415	0
3.46	-0.9354286658	0.2511980461	-0.2487423425	-1.577523729	-5.874492021	0
3.47	-0.9493495516	0.191996552	-0.2487423425	-1.205738347	-5.961915184	0
3.48	-0.959527585	0.1320381031	-0.2487423425	-0.8291992872	-6.025833234	0
3.49	-0.9659226387	0.0715590881	-0.2487423425	-0.4493910733	-6.065994171	0
3.5	-0.9685094999	0.01079794829	-0.2487423425	-0.06781111525	-6.082239659	0
3.51	-0.9672779697	-0.05000576291	-0.2487423425	0.3140361911	-6.07450565	0
3.52	-0.9622329036	-0.1106123242	-0.2487423425	0.6946453959	-6.042822635	0
3.53	-0.9533941919	-0.1707827915	-0.2487423425	1.072515931	-5.987315525	0
3.54	-0.9407966817	-0.2302799402	-0.2487423425	1.446158024	-5.908203161	0
3.55	-0.9244900391	-0.2888692	-0.2487423425	1.814098576	-5.805797445	0
3.56	-0.9045385538	-0.3463195803	-0.2487423425	2.174886965	-5.680502118	0
3.57	-0.8810208855	-0.4024045805	-0.2487423425	2.527100765	-5.532811161	0
3.58	-0.8540297536	-0.4569030828	-0.2487423425	2.86935136	-5.363306852	0
3.59	-0.8236715717	-0.5096002247	-0.2487423425	3.200289411	-5.17265747	0
3.6	-0.7900660285	-0.5602882452	-0.2487423425	3.51861018	-4.961614659	0
3.61	-0.7533456151	-0.6087673047	-0.2487423425	3.823058673	-4.731010463	0
3.62	-0.7136551035	-0.6548462722	-0.2487423425	4.11243459	-4.48175405	0
3.63	-0.6711509753	-0.6983434795	-0.2487423425	4.385597052	-4.214828125	0
3.64	-0.6260008048	-0.739087437	-0.2487423425	4.641469104	-3.931285054	0
3.65	-0.5783825985	-0.7769175096	-0.2487423425	4.87904196	-3.632242719	0
3.66	-0.5284840935	-0.8116845508	-0.2487423425	5.097378979	-3.318880107	0
3.67	-0.4765020166	-0.8432514899	-0.2487423425	5.295619357	-2.992432664	0
3.68	-0.4226413095	-0.8714938729	-0.2487423425	5.472981522	-2.654187424	0
3.69	-0.3671143205	-0.896300353	-0.2487423425	5.628766217	-2.305477933	0
3.7	-0.3101399671	-0.9175731294	-0.2487423425	5.762359253	-1.947678993	0
3.71	-0.2519428732	-0.9352283334	-0.2487423425	5.873233934	-1.582201244	0
3.72	-0.1927524835	-0.9491963586	-0.2487423425	5.960953132	-1.210485597	0
3.73	-0.1328021586	-0.9594221353	-0.2487423425	6.02517101	-0.8339975563	0
3.74	-0.07232825541	-0.965865348	-0.2487423425	6.065634386	-0.454221444	0
3.75	-0.01156919485	-0.9685005941	-0.2487423425	6.082183731	-0.07265454365	0
3.76	0.04923547777	-0.967317484	-0.2487423425	6.074753799	0.3091988004	0
3.77	0.1098460374	-0.9623206821	-0.2487423425	6.043373883	0.6898331146	0
3.78	0.1700235241	-0.9535298885	-0.2487423425	5.9881677	1.067747731	0
3.79	0.2295306856	-0.9409797614	-0.2487423425	5.909352902	1.441452706	0
3.8	0.2881329123	-0.9247197802	-0.2487423425	5.80724022	1.809474689	0
3.81	0.3455991623	-0.9048140505	-0.2487423425	5.682232237	2.170362739	0
3.82	0.4017028724	-0.8813410517	-0.2487423425	5.534821804	2.522694039	0
3.83	0.4562228513	-0.8543933269	-0.2487423425	5.365590093	2.865079506	0
3.84	0.5089441514	-0.8240771188	-0.2487423425	5.175204306	3.196169271	0
3.85	0.5596589169	-0.7905119505	-0.2487423425	4.964415049	3.514657998	0
3.86	0.6081672024	-0.7538301539	-0.2487423425	4.734053367	3.819290031	0
3.87	0.654277762	-0.7141763488	-0.2487423425	4.485027471	4.108864345	0
3.88	0.6978088027	-0.6717068721	-0.2487423425	4.218319157	4.382239281	0
3.89	0.7385887015	-0.6265891614	-0.2487423425	3.934979933	4.638337045	0
3.9	0.7764566818	-0.5790010953	-0.2487423425	3.636126879	4.876147962	0
3.91	0.8112634474	-0.529130292	-0.2487423425	3.322938234	5.09473445	0
3.92	0.8428717713	-0.4771733692	-0.2487423425	2.996648758	5.293234724	0
3.93	0.871157036	-0.4233351694	-0.2487423425	2.658544864	5.470866186	0
3.94	0.8960077258	-0.367827952	-0.2487423425	2.309959539	5.626928518	0
3.95	0.9173258658	-0.3108705568	-0.2487423425	1.952267096	5.760806437	0
3.96	0.9350274081	-0.2526875407	-0.2487423425	1.586877755	5.871972123	0
3.97	0.9490425637	-0.1935082928	-0.2487423425	1.215232079	5.9599873	0
3.98	0.9593160772	-0.13356613	-0.2487423425	0.8387952965	6.024504965	0
3.99	0.9658074449	-0.07309737685	-0.2487423425	0.4590515266	6.065270754	0
4	0.9684910742	-0.01234043407	-0.2487423425	0.07749792598	6.082123946	0
4.01	0.9673563848	0.04846516141	-0.2487423425	-0.3043612137	6.074998096	0
4.02	0.9624078503	0.1090796809	-0.2487423425	-0.6850203959	6.0439213	0
4.03	0.9536649805	0.1692641489	-0.2487423425	-1.062978855	5.989016077	0
4.04	0.9411622445	0.2287812855	-0.2487423425	-1.436746473	5.910498895	0
4.05	0.9249489349	0.2873964419	-0.2487423425	-1.804849655	5.808679311	0
4.06	0.9050889735	0.3448785251	-0.2487423425	-2.165837138	5.683958754	0
4.07	0.8816606589	0.4010009096	-0.2487423425	-2.518285712	5.536828938	0
4.08	0.8547563584	0.4555423304	-0.2487423425	-2.860805835	5.367869931	0
4.09	0.8244821434	0.5082877554	-0.2487423425	-3.192047104	5.17774786	0
4.1	0.7909573712	0.5590292336	-0.2487423425	-3.510703587	4.967212291	0
4.11	0.7543142147	0.6075667145	-0.2487423425	-3.815518967	4.737093268	0
4.12	0.7146971413	0.6537088368	-0.2487423425	-4.105291495	4.488298047	0
4.13	0.6722623429	0.6972736833	-0.2487423425	-4.378878731	4.221807513	0
4.14	0.6271771206	0.7380894976	-0.2487423425	-4.635202045	3.938672317	0
4.15	0.5796192249	0.7759953615	-0.2487423425	-4.87325087	3.640008733	0
4.16	0.529776155	0.8108418296	-0.2487423425	-5.09208669	3.326994253	0
4.17	0.4778444192	0.8424915181	-0.2487423425	-5.290846734	3.000862953	0
4.18	0.4240287608	0.8708196467	-0.2487423425	-5.468747381	2.662900618	0
4.19	0.3685413503	0.8957145305	-0.2487423425	-5.625087252	2.31443968	0
4.2	0.3116009493	0.9170780204	-0.2487423425	-5.759249968	1.956853962	0
4.21	0.2534320479	0.9348258898	-0.2487423425	-5.870706588	1.59155326	0
4.22	0.1942639794	0.9488881669	-0.2487423425	-5.959017688	1.219977791	0
4.23	0.1343300167	0.9592094108	-0.2487423425	-6.0238351	0.8435925047	0
4.24	0.07386645194	0.9657489292	-0.2487423425	-6.064903276	0.4638813182	0
4.25	0.01311166547	0.9684809401	-0.2487423425	-6.082060304	0.08234125916	0
4.26	-0.04769481432	0.9673946722	-0.2487423425	-6.075238541	-0.2995234339	0
4.27	-0.1083132552	0.9624944082	-0.2487423425	-6.044464883	-0.6802072427	0
4.28	-0.1685046663	0.9537994676	-0.2487423425	-5.989860657	-1.058209304	0
4.29	-0.2280317404	0.9413441307	-0.2487423425	-5.911641141	-1.432039329	0
4.3	-0.2866597892	0.9251775031	-0.2487423425	-5.81011472	-1.800223476	0
4.31	-0.3441576693	0.9053633225	-0.2487423425	-5.685681665	-2.161310163	0
4.32	-0.4002986925	0.8819797071	-0.2487423425	-5.538832561	-2.513875789	0
4.33	-0.4548615206	0.855118848	-0.2487423425	-5.370146365	-2.856530349	0
4.34	-0.5076310371	0.8248866451	-0.2487423425	-5.180288131	-3.187922913	0
4.35	-0.5583991959	0.7914022903	-0.2487423425	-4.970006383	-3.50674695	0
4.36	-0.6069658413	0.7547977971	-0.2487423425	-4.740130166	-3.811745483	0
4.37	-0.6531394971	0.7152174805	-0.2487423425	-4.491565777	-4.101716042	0
4.38	-0.6967381218	0.6728173874	-0.2487423425	-4.225293193	-4.375515405	0
4.39	-0.7375898257	0.6277646821	-0.2487423425	-3.942362204	-4.632064105	0
4.4	-0.7755335492	0.580236987	-0.2487423425	-3.643888278	-4.870350689	0
4.41	-0.8104196976	0.530421682	-0.2487423425	-3.331048163	-5.089435701	0
4.42	-0.8421107307	0.4785151662	-0.2487423425	-3.005075244	-5.288455389	0
4.43	-0.8704817052	0.4247220833	-0.2487423425	-2.667254683	-5.466625109	0
4.44	-0.8954207672	0.3692545148	-0.2487423425	-2.318918353	-5.623242418	0
4.45	-0.9168295934	0.3123311442	-0.2487423425	-1.961439586	-5.757689847	0
4.46	-0.9346237787	0.2541763943	-0.2487423425	-1.596227756	-5.86943733	0
4.47	-0.9487331685	0.1950195428	-0.2487423425	-1.224722729	-5.958044298	0
4.48	-0.959102136	0.1350938182	-0.2487423425	-0.8483891781	-6.023161414	0
4.49	-0.9656898012	0.07463548019	-0.2487423425	-0.4687108156	-6.064531952	0
4.5	-0.9684701918	0.01388288856	-0.2487423425	-0.08718454013	-6.081992805	0
4.51	-0.9674323461	-0.04692443698	-0.2487423425	0.2946854642	-6.075475133	0
4.52	-0.9625803558	-0.1075467609	-0.2487423425	0.6753936582	-6.045004634	0
4.53	-0.95393335	-0.1677450769	-0.2487423425	1.053439083	-5.990701438	0
4.54	-0.94152542	-0.2272820506	-0.2487423425	1.427331278	-5.912779638	0
4.55	-0.9254054846	-0.2859229548	-0.2487423425	1.795596156	-5.811546443	0
4.56	-0.9056370974	-0.3434365952	-0.2487423425	2.156781818	-5.687400972	0
4.57	-0.882298196	-0.3995962216	-0.2487423425	2.509464272	-5.540832671	0
4.58	-0.8554807952	-0.4541804224	-0.2487423425	2.852253053	-5.372419394	0
4.59	-0.8252906237	-0.5069739969	-0.2487423425	3.1837967	-5.182825117	0
4.6	-0.7918467076	-0.5577688041	-0.2487423425	3.50278809	-4.972797323	0
4.61	-0.7552809009	-0.6063645832	-0.2487423425	3.807969582	-4.743164058	0
4.62	-0.7157373661	-0.6525697433	-0.2487423425	4.098137988	-4.494830659	0
4.63	-0.6733720052	-0.6962021184	-0.2487423425	4.372149303	-4.228776193	0
4.64	-0.6283518456	-0.737089686	-0.2487423425	4.628923228	-3.94604959	0
4.65	-0.5808543811	-0.7750712451	-0.2487423425	4.867447419	-3.647765513	0
4.66	-0.5310668727	-0.8099970517	-0.2487423425	5.086781485	-3.33509996	0
4.67	-0.4791856097	-0.8417294093	-0.2487423425	5.28606069	-3.009285629	0
4.68	-0.4254151364	-0.8701432116	-0.2487423425	5.464499369	-2.671607057	0
4.69	-0.3699674452	-0.8951264361	-0.2487423425	5.621394018	-2.323395556	0
4.7	-0.3130611411	-0.9165805851	-0.2487423425	5.756126074	-1.966023966	0
4.71	-0.2549205796	-0.9344210749	-0.2487423425	5.86816435	-1.60090124	0
4.72	-0.1957749825	-0.9485775684	-0.2487423425	5.95706713	-1.22946689	0
4.73	-0.135857534	-0.9589942531	-0.2487423425	6.02248391	-0.8531853134	0
4.74	-0.07540446111	-0.9656300608	-0.2487423425	6.064156782	-0.4735400158	0
4.75	-0.01465410284	-0.9684588294	-0.2487423425	6.081921449	-0.09202776581	0
4.76	0.04615402988	-0.9674694065	-0.2487423425	6.075707873	0.2898473077	0
4.77	0.1067801983	-0.9626656929	-0.2487423425	6.045540551	0.6705796454	0
4.78	0.1669853811	-0.9540666274	-0.2487423425	5.99153842	1.048668193	0
4.79	0.2265322167	-0.9417061123	-0.2487423425	5.913914385	1.422622321	0
4.8	0.285185939	-0.9256328793	-0.2487423425	5.812974482	1.790967697	0
4.81	0.3427153032	-0.905910298	-0.2487423425	5.689116671	2.152252104	0
4.82	0.3988934973	-0.8826161254	-0.2487423425	5.542829268	2.505051163	0
4.83	0.4534990362	-0.8558422	-0.2487423425	5.374689016	2.847973947	0
4.84	0.5063166352	-0.8256940789	-0.2487423425	5.185358816	3.179668469	0
4.85	0.5571380585	-0.7922906227	-0.2487423425	4.97558511	3.498827008	0
4.86	0.6057629406	-0.7557635258	-0.2487423425	4.746194942	3.804191267	0
4.87	0.6519995756	-0.7162567979	-0.2487423425	4.498092691	4.094557335	0
4.88	0.6956656735	-0.6739261961	-0.2487423425	4.232256511	4.36878043	0
4.89	0.7365890789	-0.6289386105	-0.2487423425	3.949734474	4.625779416	0
4.9	0.7746084495	-0.5814714069	-0.2487423425	3.651640435	4.864541063	0
4.91	0.8095738922	-0.5317117266	-0.2487423425	3.339149643	5.084124043	0
4.92	0.8413475541	-0.4798557494	-0.2487423425	3.013494106	5.28366264	0
4.93	0.8698041663	-0.4261079198	-0.2487423425	2.675957736	5.462370164	0
4.94	0.8948315373	-0.370680141	-0.2487423425	2.327871286	5.619542054	0
4.95	0.9163309955	-0.3137909394	-0.2487423425	1.9706071	5.754558652	0
4.96	0.9342177785	-0.2556646032	-0.2487423425	1.605573708	5.866887649	0
4.97	0.9484213668	-0.1965302981	-0.2487423425	1.234210272	5.956086183	0
4.98	0.9588857621	-0.1366211636	-0.2487423425	0.8579809077	6.021802586	0
4.99	0.965569708	-0.07617339421	-0.2487423425	0.4783689156	6.063777766	0
5	0.9684468529	-0.01542530782	-0.2487423425	0.09687093313	6.081846236	0
5.01	0.9675058535	0.04538359352	-0.2487423425	-0.2850089673	6.07593676	0
5.02	0.9627504196	0.106013568	-0.2487423425	-0.6657652073	6.046072635	0
5.03	0.9541992998	0.1662255794	-0.2487423425	-1.043896639	5.992371603	0
5.04	0.9418862073	0.2257822391	-0.2487423425	-1.417912462	5.915045382	0
5.05	0.925859687	0.2844487424	-0.2487423425	-1.786338102	5.814398834	0
5.06	0.9061829241	0.341993794	-0.2487423425	-2.147721026	5.690828763	0
5.07	0.8829334951	0.39819052	-0.2487423425	-2.500636466	5.544822349	0
5.08	0.856203062	0.4528173624	-0.2487423425	-2.843693036	5.376955229	0
5.09	0.8260970106	0.5056589524	-0.2487423425	-3.175538221	5.187889227	0
5.1	0.7927340354	0.5565069597	-0.2487423425	-3.494863707	4.978369742	0
5.11	0.7562456713	0.6051609138	-0.2487423425	-3.800410539	4.749222816	0
5.12	0.7167757755	0.6514289944	-0.2487423425	-4.090974085	4.50135187	0
5.13	0.6744799595	0.6951287875	-0.2487423425	-4.365408786	4.235734146	0
5.14	0.6295249767	0.7360880048	-0.2487423425	-4.62263267	3.953416854	0
5.15	0.5820880639	0.7741451627	-0.2487423425	-4.861631622	3.655513041	0
5.16	0.5323562433	0.8091502192	-0.2487423425	-5.081463377	3.343197208	0
5.17	0.4805255848	0.8409651654	-0.2487423425	-5.281261239	3.017700672	0
5.18	0.426800433	0.8694645694	-0.2487423425	-5.460237496	2.680306719	0
5.19	0.3713926017	0.8945360711	-0.2487423425	-5.617686526	2.332345539	0
5.2	0.3145205388	0.9160808249	-0.2487423425	-5.75298758	1.975188983	0
5.21	0.2564084648	0.9340138898	-0.2487423425	-5.865607228	1.610245159	0
5.22	0.1972854891	0.9482645637	-0.2487423425	-5.95510146	1.238952871	0
5.23	0.1373847067	0.958776663	-0.2487423425	-6.021117443	0.8627759579	0
5.24	0.07694227901	0.965508743	-0.2487423425	-6.063394906	0.4831975122	0
5.25	0.01619650303	0.9684342623	-0.2487423425	-6.081767167	0.101714039	0
5.26	-0.04461312837	0.9675416869	-0.2487423425	-6.076161794	-0.2801704462	0
5.27	-0.1052468706	0.9628345358	-0.2487423425	-6.046600885	-0.6609503471	0
5.28	-0.1654656723	0.9543313672	-0.2487423425	-5.993200986	-1.039124422	0
5.29	-0.2250321184	0.9420657051	-0.2487423425	-5.916172628	-1.413201703	0
5.3	-0.2837113654	0.9260859076	-0.2487423425	-5.815819499	-1.781707375	0
5.31	-0.3412720679	0.9064549756	-0.2487423425	-5.692537247	-2.143188586	0
5.32	-0.3974872903	0.8832503049	-0.2487423425	-5.546811915	-2.496220183	0
5.33	-0.4521354015	0.8565633811	-0.2487423425	-5.379218033	-2.839410321	0
5.34	-0.5050009489	0.8264994184	-0.2487423425	-5.190416348	-3.171405959	0
5.35	-0.555875508	0.7931769454	-0.2487423425	-4.981151217	-3.49089819	0
5.36	-0.6045585033	0.7567273374	-0.2487423425	-4.752247679	-3.796627401	0
5.37	-0.6508580002	0.7172942985	-0.2487423425	-4.504608195	-4.087388241	0
5.38	-0.6945914607	0.6750332953	-0.2487423425	-4.239209094	-4.362034373	0
5.39	-0.7355864638	0.6301109436	-0.2487423425	-3.957096726	-4.619482993	0
5.4	-0.773681385	0.5827043518	-0.2487423425	-3.659383329	-4.858719098	0
5.41	-0.8087260332	0.5330004224	-0.2487423425	-3.347242653	-5.078799488	0
5.42	-0.8405822434	0.4811951155	-0.2487423425	-3.021905325	-5.278856489	0
5.43	-0.8691244211	0.4274926755	-0.2487423425	-2.684654002	-5.458101365	0
5.44	-0.8942400376	0.3721048269	-0.2487423425	-2.336818313	-5.615827436	0
5.45	-0.9158300733	0.3152499387	-0.2487423425	-1.979769615	-5.751412861	0
5.46	-0.9338094087	0.2571521637	-0.2487423425	-1.614915588	-5.864323087	0
5.47	-0.9481071594	0.1980405549	-0.2487423425	-1.243694685	-5.954112961	0
5.48	-0.9586669558	0.1381481626	-0.2487423425	-0.867570461	-6.020428483	0
5.49	-0.9654471656	0.07771111501	-0.2487423425	-0.4880258023	-6.0630082	0
5.5	-0.9684210575	0.01696768797	-0.2487423425	-0.1065570804	-6.081684241	0
5.51	-0.9675769067	-0.04384263494	-0.2487423425	0.2753317474	-6.076382974	0
5.52	-0.9629180414	-0.1044801063	-0.2487423425	0.6561350677	-6.0471253	0
5.53	-0.9544628293	-0.1647056603	-0.2487423425	1.034351547	-5.994026568	0
5.54	-0.9422446055	-0.224281855	-0.2487423425	1.408490049	-5.917296123	0
5.55	-0.9263115409	-0.2829738085	-0.2487423425	1.777075518	-5.817236477	0
5.56	-0.9067264522	-0.3405501254	-0.2487423425	2.138654788	-5.69424212	0
5.57	-0.8835665546	-0.3967838084	-0.2487423425	2.491802317	-5.548797963	0
5.58	-0.856923157	-0.4514531538	-0.2487423425	2.835125806	-5.381477426	0
5.59	-0.8269013021	-0.5043426253	-0.2487423425	3.167271687	-5.192940177	0
5.6	-0.7936193524	-0.5552437037	-0.2487423425	3.486930459	-4.983929533	0
5.61	-0.7572085235	-0.6039557094	-0.2487423425	3.792841855	-4.755269528	0
5.62	-0.7178123667	-0.6502865932	-0.2487423425	4.083799805	-4.507861663	0
5.63	-0.675586203	-0.6940536934	-0.2487423425	4.358657195	-4.242681355	0
5.64	-0.630696511	-0.7350844564	-0.2487423425	4.616330386	-3.960774089	0
5.65	-0.5833202702	-0.7732171166	-0.2487423425	4.855803492	-3.663251297	0
5.66	-0.5336442636	-0.8083013343	-0.2487423425	5.076132379	-3.351285975	0
5.67	-0.481864341	-0.8401987884	-0.2487423425	5.276448391	-3.026108061	0
5.68	-0.428184647	-0.8687837217	-0.2487423425	5.455961772	-2.688999583	0
5.69	-0.3728168162	-0.893943437	-0.2487423425	5.613964785	-2.341289606	0
5.7	-0.3159791387	-0.915578741	-0.2487423425	5.749834493	-1.984348991	0
5.71	-0.2578956995	-0.9336043355	-0.2487423425	5.863035227	-1.619584993	0
5.72	-0.1987954952	-0.9479491538	-0.2487423425	5.953120686	-1.24843571	0
5.73	-0.1389115309	-0.9585566408	-0.2487423425	6.019735704	-0.8723644139	0
5.74	-0.07847990174	-0.9653849761	-0.2487423425	6.06261765	-0.4928537829	0
5.75	-0.01773886214	-0.9684072386	-0.2487423425	6.081597459	-0.1114000542	0
5.76	0.0430721137	-0.967611513	-0.2487423425	6.076600302	0.2704928741	0
5.77	0.1037132758	-0.9630009364	-0.2487423425	6.04764588	0.6513193723	0
5.78	0.1639455438	-0.9545936862	-0.2487423425	5.994848349	1.029578015	0
5.79	0.2235314493	-0.9424229084	-0.2487423425	5.918415865	1.403777502	0
5.8	0.2822360722	-0.9265365868	-0.2487423425	5.818649765	1.772442533	0
5.81	0.3398279669	-0.9069973539	-0.2487423425	5.695943382	2.134119632	0
5.82	0.396080075	-0.883882244	-0.2487423425	5.550780492	2.487382871	0
5.83	0.4507706199	-0.8572823895	-0.2487423425	5.383733406	2.830839493	0
5.84	0.5036839818	-0.8273026614	-0.2487423425	5.195460714	3.163135405	0
5.85	0.5546115474	-0.7940612562	-0.2487423425	4.986704689	3.482960518	0
5.86	0.6033525326	-0.7576892295	-0.2487423425	4.758288361	3.789053905	0
5.87	0.6497147738	-0.7183299797	-0.2487423425	4.511112272	4.08020878	0
5.88	0.693515486	-0.6761386823	-0.2487423425	4.246150925	4.355277252	0
5.89	0.7345819829	-0.6312816784	-0.2487423425	3.96444894	4.613174853	0
5.9	0.7727523579	-0.5839358187	-0.2487423425	3.667116941	4.852884808	0
5.91	0.8078761228	-0.5342877663	-0.2487423425	3.355327173	5.073462051	0
5.92	0.8398148005	-0.4825332609	-0.2487423425	3.030308879	5.274036947	0
5.93	0.8684424714	-0.4288763469	-0.2487423425	2.693343459	5.45381872	0
5.94	0.8936462696	-0.373528569	-0.2487423425	2.345759413	5.612098573	0
5.95	0.9153268281	-0.3167081383	-0.2487423425	1.988927108	5.74825248	0
5.96	0.9333986702	-0.2586390718	-0.2487423425	1.624253371	5.861743649	0
5.97	0.9477905471	-0.1995503094	-0.2487423425	1.253175943	5.952124635	0
5.98	0.9584457179	-0.1396748111	-0.2487423425	0.8771578136	6.019039109	0
5.99	0.9653221744	-0.0792486387	-0.2487423425	0.497681451	6.062223255	0
6	0.9683928056	-0.01851002507	-0.2487423425	0.1162429574	6.081506819	0
6.01	0.9676455057	0.04230156515	-0.2487423425	-0.2656538292	6.076813776	0
6.02	0.9630832207	0.1029463796	-0.2487423425	-0.6465032638	6.048162626	0
6.03	0.9547239377	0.1631853234	-0.2487423425	-1.024803831	5.995666329	0
6.04	0.9426006136	0.2227809019	-0.2487423425	-1.399064064	5.919531854	0
6.05	0.9267610451	0.2814981569	-0.2487423425	-1.767808425	5.820059363	0
6.06	0.9072676804	0.339105593	-0.2487423425	-2.129583124	5.697641033	0
6.07	0.8841973729	0.3953760903	-0.2487423425	-2.482961847	5.552759502	0
6.08	0.8576410784	0.4500878001	-0.2487423425	-2.826551384	5.385985972	0
6.09	0.8277034961	0.5030250188	-0.2487423425	-3.158997118	5.197977956	0
6.1	0.7945026564	0.5539790393	-0.2487423425	-3.478988367	4.989476682	0
6.11	0.758169455	0.6027489731	-0.2487423425	-3.785263551	4.761304177	0
6.12	0.7188471371	0.6491425425	-0.2487423425	-4.076615167	4.514360021	0
6.13	0.6766907328	0.6929768388	-0.2487423425	-4.351894548	4.249617802	0
6.14	0.6318664455	0.7340790435	-0.2487423425	-4.610016393	3.968121278	0
6.15	0.5845509969	0.7722871092	-0.2487423425	-4.849963046	3.67098026	0
6.16	0.5349309303	0.807450399	-0.2487423425	-5.070788506	3.359366242	0
6.17	0.4832018749	0.8394302801	-0.2487423425	-5.271622159	3.034507774	0
6.18	0.4295677749	0.8681006703	-0.2487423425	-5.45167221	2.697685626	0
6.19	0.374240085	0.8933485355	-0.2487423425	-5.610228803	2.350227734	0
6.2	0.3174369371	0.9150743347	-0.2487423425	-5.746666822	1.993503965	0
6.21	0.2593822801	0.9331924131	-0.2487423425	-5.860448354	1.628920719	0
6.22	0.200304997	0.9476313393	-0.2487423425	-5.951124811	1.257915381	0
6.23	0.1404380027	0.9583341872	-0.2487423425	-6.018338696	0.8819506571	0
6.24	0.0800173254	0.9652587605	-0.2487423425	-6.061825016	0.5025088035	0
6.25	0.01928117626	0.9683777586	-0.2487423425	-6.081412324	0.1210857869	0
6.26	-0.04153098978	0.9676788847	-0.2487423425	-6.077023396	-0.2608146158	0
6.27	-0.1021794181	0.9631648943	-0.2487423425	-6.048675536	-0.6416867454	0
6.28	-0.1624249995	0.9548535839	-0.2487423425	-5.996480507	-1.020028997	0
6.29	-0.2220302132	0.9427777211	-0.2487423425	-5.920644089	-1.394349739	0
6.3	-0.280760063	0.9269849158	-0.2487423425	-5.821465271	-1.763173196	0
6.31	-0.338383004	0.9075374316	-0.2487423425	-5.69933507	-2.125045265	0
6.32	-0.394671855	0.8845119411	-0.2487423425	-5.55473499	-2.478539249	0
6.33	-0.4494046949	0.8579992234	-0.2487423425	-5.388235123	-2.822261484	0
6.34	-0.502365737	0.8281038059	-0.2487423425	-5.200491901	-3.154856828	0
6.35	-0.55334618	0.7949435528	-0.2487423425	-4.992245512	-3.47501401	0
6.36	-0.6021450314	0.7586491997	-0.2487423425	-4.764316974	-3.781470797	0
6.37	-0.6485698995	0.7193638388	-0.2487423425	-4.517604907	-4.073018969	0
6.38	-0.6924377522	0.6772423542	-0.2487423425	-4.253081985	-4.348509084	0
6.39	-0.7335756386	0.6324508119	-0.2487423425	-3.971791099	-4.606855011	0
6.4	-0.7718213708	0.5851658044	-0.2487423425	-3.674841252	-4.847038209	0
6.41	-0.8070241632	0.535573755	-0.2487423425	-3.363403181	-5.068111745	0
6.42	-0.8390452274	0.4838701824	-0.2487423425	-3.038704746	-5.269204028	0
6.43	-0.8677583188	0.4302589304	-0.2487423425	-2.702026083	-5.449522242	0
6.44	-0.8930502349	0.3749513636	-0.2487423425	-2.354694563	-5.608355475	0
6.45	-0.9148212611	0.3181655346	-0.2487423425	-1.998079557	-5.745077519	0
6.46	-0.9329855642	0.2601253239	-0.2487423425	-1.633587034	-5.859149343	0
6.47	-0.9474715306	0.2010595577	-0.2487423425	-1.262654022	-5.950121212	0
6.48	-0.9582220489	0.1412011053	-0.2487423425	-0.8867429413	-6.017634467	0
6.49	-0.9651947345	0.08078596137	-0.2487423425	-0.5073358374	-6.061422933	0
6.5	-0.9683620974	0.02005231522	-0.2487423425	-0.1259285396	-6.081313972	0
6.51	-0.9677116501	-0.04076038807	-0.2487423425	0.2559752371	-6.077229163	0
6.52	-0.9632459571	-0.1014123917	-0.2487423425	0.63686982	-6.049184611	0
6.53	-0.9549826245	-0.1616645726	-0.2487423425	1.015253516	-5.997290882	0
6.54	-0.9429542308	-0.2212793837	-0.2487423425	1.38963453	-5.921752569	0
6.55	-0.9272081986	-0.2800217912	-0.2487423425	1.758536848	-5.822867487	0
6.56	-0.9078066072	-0.3376602004	-0.2487423425	2.120506058	-5.701025493	0
6.57	-0.8848259484	-0.3939673694	-0.2487423425	2.47411508	-5.556706956	0
6.58	-0.8583568243	-0.4487213047	-0.2487423425	2.817969793	-5.390480856	0
6.59	-0.8285035906	-0.5017061365	-0.2487423425	3.150714537	-5.203002549	0
6.6	-0.7953839451	-0.5527129698	-0.2487423425	3.47103745	-4.995011175	0
6.61	-0.7591284633	-0.6015407079	-0.2487423425	3.777675645	-4.76732675	0
6.62	-0.7198800842	-0.6479968452	-0.2487423425	4.069420188	-4.520846929	0
6.63	-0.6777935462	-0.6918982265	-0.2487423425	4.345120862	-4.25654347	0
6.64	-0.6330347772	-0.7330717686	-0.2487423425	4.603690707	-3.975458401	0
6.65	-0.5857802408	-0.7713551429	-0.2487423425	4.844110297	-3.678699912	0
6.66	-0.5362162401	-0.8065974157	-0.2487423425	5.06543177	-3.367437988	0
6.67	-0.4845381831	-0.8386596426	-0.2487423425	5.266782556	-3.04289979	0
6.68	-0.4309498131	-0.867415417	-0.2487423425	5.447368819	-2.706364826	0
6.69	-0.3756624045	-0.8927513679	-0.2487423425	5.60647859	-2.3591599	0
6.7	-0.3188939303	-0.9145676073	-0.2487423425	5.743484574	-2.002653882	0
6.71	-0.2608682027	-0.9327781236	-0.2487423425	5.857846616	-1.638252313	0
6.72	-0.2018139908	-0.9473111211	-0.2487423425	5.949113841	-1.267391862	0
6.73	-0.1419641184	-0.9581093028	-0.2487423425	6.016926422	-0.8915346632	0
6.74	-0.0815545461	-0.9651300964	-0.2487423425	6.061017006	-0.5121625495	0
6.75	-0.02082344146	-0.9683458222	-0.2487423425	6.081211763	-0.1307712124	0
6.76	0.03998976051	-0.9677438019	-0.2487423425	6.077431076	0.251135696	0
6.77	0.1006453011	-0.9633264091	-0.2487423425	6.049689849	0.6320524908	0
6.78	0.1609040431	-0.9551110595	-0.2487423425	5.998097454	1.010477391	0
6.79	0.2205284139	-0.9431301425	-0.2487423425	5.922857295	1.384918439	0
6.8	0.2792833417	-0.9274308934	-0.2487423425	5.824266011	1.753899386	0
6.81	0.3369371827	-0.9080752072	-0.2487423425	5.702712301	2.115965507	0
6.82	0.3932626339	-0.8851393946	-0.2487423425	5.558675398	2.469689341	0
6.83	0.4480376299	-0.8587138809	-0.2487423425	5.392723172	2.813676316	0
6.84	0.5010462179	-0.8289028499	-0.2487423425	5.205509898	3.146570248	0
6.85	0.552079409	-0.795823833	-0.2487423425	4.997773671	3.467058689	0
6.86	0.6009360029	-0.7596072456	-0.2487423425	4.770333502	3.773878098	0
6.87	0.64742338	-0.7203958732	-0.2487423425	4.524086083	4.065818827	0
6.88	0.691358262	-0.6783443083	-0.2487423425	4.260002256	4.341729885	0
6.89	0.7325674336	-0.6336183412	-0.2487423425	3.979123182	4.600523483	0
6.9	0.7708884259	-0.5863943058	-0.2487423425	3.68255624	4.841179315	0
6.91	0.8061701566	-0.5368583851	-0.2487423425	3.371470658	5.062748583	0
6.92	0.838273526	-0.4852058766	-0.2487423425	3.047092905	5.264357743	0
6.93	0.8670719651	-0.4316404225	-0.2487423425	2.710701854	5.445211941	0
6.94	0.8924519348	-0.3763732071	-0.2487423425	2.363623741	5.604598151	0
6.95	0.9143133735	-0.3196221238	-0.2487423425	2.007226937	5.741887986	0
6.96	0.9325700915	-0.2616109162	-0.2487423425	1.642916553	5.856540175	0
6.97	0.9471501109	-0.202568296	-0.2487423425	1.272128899	5.948102696	0
6.98	0.9579959492	-0.1427270414	-0.2487423425	0.8963258198	6.016214561	0
6.99	0.9650648464	-0.08232307912	-0.2487423425	0.5169889369	6.060607235	0
7	0.9683289329	-0.0215945545	-0.2487423425	0.1356138023	6.081105699	0
7.01	0.96777534	0.03921910759	-0.2487423425	-0.2462959957	6.077629135	0
7.02	0.9634062502	0.09987814663	-0.2487423425	-0.6272347608	6.050191251	0
7.03	0.9552388888	0.1601434117	-0.2487423425	-1.005700625	5.998900222	0
7.04	0.9433054561	0.2197773043	-0.2487423425	-1.380201471	5.923958265	0
7.05	0.9276530002	0.2785447152	-0.2487423425	-1.749260811	5.825660841	0
7.06	0.9083432314	0.3362139513	-0.2487423425	-2.111423614	5.704395493	0
7.07	0.8854522795	0.3925576491	-0.2487423425	-2.465262036	5.560640315	0
7.08	0.8590703929	0.4473536711	-0.2487423425	-2.809381054	5.394962068	0
7.09	0.8293015836	0.5003859815	-0.2487423425	-3.142423964	5.208013945	0
7.1	0.7962632162	0.5514454982	-0.2487423425	-3.463077729	5.000532998	0
7.11	0.7600855461	0.6003309168	-0.2487423425	-3.770078157	4.77333723	0
7.12	0.7209112053	0.6468495043	-0.2487423425	-4.062214887	4.527322369	0
7.13	0.6788946403	0.6908178591	-0.2487423425	-4.338336155	4.263458341	0
7.14	0.6342015033	0.7320626341	-0.2487423425	-4.597353342	3.982785441	0
7.15	0.5870079989	0.77042122	-0.2487423425	-4.838245262	3.686410233	0
7.16	0.5375001897	0.8057423863	-0.2487423425	-5.060062186	3.375501191	0
7.17	0.4858732623	0.8378868778	-0.2487423425	-5.261929593	3.051284088	0
7.18	0.4323307582	0.8667279634	-0.2487423425	-5.44305161	2.715037162	0
7.19	0.3770837711	0.8921519358	-0.2487423425	-5.602714157	2.368086083	0
7.2	0.3203501146	0.91405856	-0.2487423425	-5.740287757	2.01179872	0
7.21	0.2623534637	0.9323614681	-0.2487423425	-5.855230019	1.647579752	0
7.22	0.2033224727	0.9469885	-0.2487423425	-5.94708778	1.276865128	0
7.23	0.1434898739	0.9578819881	-0.2487423425	-6.015498885	0.9011164079	0
7.24	0.08309155993	0.9649989843	-0.2487423425	-6.060193621	0.5218149964	0
7.25	0.02236565385	0.9683114295	-0.2487423425	-6.080995778	0.1404563062	0
7.26	-0.0384484298	0.9678062643	-0.2487423425	-6.07782334	-0.2414561392	0
7.27	-0.09911092883	0.9634854803	-0.2487423425	-6.050688817	-0.622416633	0
7.28	-0.1593826787	0.9553661124	-0.2487423425	-5.999699186	-1.000923222	0
7.29	-0.2190260553	0.9434801716	-0.2487423425	-5.925055478	-1.375483627	0
7.3	-0.277805912	0.9278745186	-0.2487423425	-5.827051977	-1.744621127	0
7.31	-0.3354905067	0.9086106795	-0.2487423425	-5.706075067	-2.106880382	0
7.32	-0.3918524153	0.8857646029	-0.2487423425	-5.562601706	-2.460833168	0
7.33	-0.4466694285	0.8594263602	-0.2487423425	-5.397197542	-2.805084011	0
7.34	-0.4997254279	0.8296997914	-0.2487423425	-5.21051469	-3.138275687	0
7.35	-0.5508112377	0.7967020946	-0.2487423425	-5.003289154	-3.459094573	0
7.36	-0.59972545	0.7605633647	-0.2487423425	-4.77633793	-3.766275826	0
7.37	-0.6462752183	0.7214260802	-0.2487423425	-4.530555784	-4.058608371	0
7.38	-0.6902770181	0.6794445417	-0.2487423425	-4.266911722	-4.334939674	0
7.39	-0.7315573704	0.6347842632	-0.2487423425	-3.986445173	-4.594180286	0
7.4	-0.7699535256	0.5876213198	-0.2487423425	-3.690261888	-4.835308141	0
7.41	-0.8053141051	0.5381416535	-0.2487423425	-3.379529584	-5.05737258	0
7.42	-0.8374996983	0.48654034	-0.2487423425	-3.055473335	-5.259498105	0
7.43	-0.866383412	0.4330208198	-0.2487423425	-2.719370748	-5.440887828	0
7.44	-0.8918513711	0.377794096	-0.2487423425	-2.372546923	-5.60082661	0
7.45	-0.9138031668	0.3210779023	-0.2487423425	-2.016369226	-5.738683888	0
7.46	-0.9321522534	0.2630958448	-0.2487423425	-1.652241906	-5.853916151	0
7.47	-0.9468262886	0.2040765204	-0.2487423425	-1.281600548	-5.946069093	0
7.48	-0.9577674196	0.1442526154	-0.2487423425	-0.9059064247	-6.014779395	0
7.49	-0.9649325103	0.08385998805	-0.2487423425	-0.526640725	-6.059776165	0
7.5	-0.9682933122	0.02313673902	-0.2487423425	-0.145298721	-6.080882	0
7.51	-0.967836575	-0.03767772763	-0.2487423425	0.2366161295	-6.078013691	0
7.52	-0.9635640995	-0.09834364818	-0.2487423425	0.6175981106	-6.051182545	0
7.53	-0.9554927302	-0.1586218446	-0.2487423425	0.9961451839	-6.000494346	0
7.54	-0.9436542887	-0.2182746673	-0.2487423425	1.370764911	-5.926148933	0
7.55	-0.9280954487	-0.2770669326	-0.2487423425	1.739980337	-5.828439418	0
7.56	-0.9088775515	-0.3347668494	-0.2487423425	2.102335814	-5.707751023	0
7.57	-0.8860763646	-0.3911469331	-0.2487423425	2.45640274	-5.564559569	0
7.58	-0.8597817825	-0.4459849027	-0.2487423425	2.800785189	-5.399429594	0
7.59	-0.830097473	-0.4990645573	-0.2487423425	3.13412542	-5.21301213	0
7.6	-0.7971404676	-0.5501766279	-0.2487423425	3.455109223	-5.006042137	0
7.61	-0.7610407009	-0.5991196029	-0.2487423425	3.762471106	-4.779335602	0
7.62	-0.7219404977	-0.6457005225	-0.2487423425	4.054999282	-4.533786326	0
7.63	-0.6799940123	-0.6897357394	-0.2487423425	4.331540444	-4.270362397	0
7.64	-0.6353666206	-0.7310516428	-0.2487423425	4.591004317	-3.990102377	0
7.65	-0.588234268	-0.7694853429	-0.2487423425	4.832367953	-3.694111203	0
7.66	-0.538782776	-0.8048853132	-0.2487423425	5.054679767	-3.383555833	0
7.67	-0.4872071091	-0.8371119877	-0.2487423425	5.257063283	-3.059660645	0
7.68	-0.4337106068	-0.8660383113	-0.2487423425	5.438720595	-2.72370261	0
7.69	-0.3785041812	-0.8915502408	-0.2487423425	5.598935512	-2.377006258	0
7.7	-0.3218054864	-0.9135471942	-0.2487423425	5.737076379	-2.020938454	0
7.71	-0.2638380592	-0.9319424476	-0.2487423425	5.852598571	-1.656903012	0
7.72	-0.2048304388	-0.9466634768	-0.2487423425	5.945046635	-1.286335156	0
7.73	-0.1450152654	-0.9576522437	-0.2487423425	6.01405609	-0.9106958669	0
7.74	-0.08462836299	-0.9648654244	-0.2487423425	6.059354865	-0.5314661196	0
7.75	-0.02390780951	-0.9682745807	-0.2487423425	6.080764367	-0.1501410437	0
7.76	0.03690700157	-0.9678662719	-0.2487423425	6.078200188	0.2317759699	0
7.77	0.09757630517	-0.9636421077	-0.2487423425	6.051672436	0.6127791965	0
7.78	0.1578609099	-0.9556187421	-0.2487423425	6.0012857	0.9913665141	0
7.79	0.217523141	-0.9438278075	-0.2487423425	5.927238631	1.366045326	0
7.8	0.2763277776	-0.9283157902	-0.2487423425	5.829823163	1.735338443	0
7.81	0.3340429798	-0.9091438471	-0.2487423425	5.70942336	2.097789913	0
7.82	0.3904412028	-0.8863875644	-0.2487423425	5.566513904	2.451970753	0
7.83	0.4453000941	-0.8601366596	-0.2487423425	5.401658222	2.796484591	0
7.84	0.4984033703	-0.8304946282	-0.2487423425	5.215506265	3.129973165	0
7.85	0.5495416692	-0.7975783352	-0.2487423425	5.008791945	3.451121683	0
7.86	0.5985133759	-0.7615175545	-0.2487423425	4.782330243	3.758664001	0
7.87	0.6451254173	-0.7224544574	-0.2487423425	4.537013992	4.051387621	0
7.88	0.6891940233	-0.6805430517	-0.2487423425	4.273810365	4.328138467	0
7.89	0.7305454516	-0.6359485751	-0.2487423425	3.993757052	4.587825436	0
7.9	0.7690166723	-0.5888468433	-0.2487423425	3.697958176	4.829424702	0
7.91	0.8044560109	-0.5394235568	-0.2487423425	3.387579937	5.051983748	0
7.92	0.8367237462	-0.4878735693	-0.2487423425	3.063846015	5.254625126	0
7.93	0.8656926614	-0.4344001187	-0.2487423425	2.728032745	5.436549913	0
7.94	0.8912485451	-0.3792140265	-0.2487423425	2.381464086	5.597040863	0
7.95	0.9132906422	-0.3225328663	-0.2487423425	2.025506401	5.735465233	0
7.96	0.9317320508	-0.2645801062	-0.2487423425	1.661563067	5.851277279	0
7.97	0.9465000647	-0.2055842273	-0.2487423425	1.291068947	5.944020407	0
7.98	0.9575364605	-0.1457778235	-0.2487423425	0.9154847317	6.013328972	0
7.99	0.9647977267	-0.08539668427	-0.2487423425	0.5362911772	6.058929723	0
8	0.9682552353	-0.02467886484	-0.2487423425	0.1549832712	6.080642878	0
8.01	0.9678953551	0.0361362521	-0.2487423425	-0.2269356632	6.07838283	0
8.02	0.9637195048	0.09680890028	-0.2487423425	-0.6079598938	6.05215849	0
8.03	0.9557441479	0.1570998751	-0.2487423425	-0.9865872157	6.002073249	0
8.04	0.9440007277	0.2167714768	-0.2487423425	-1.361324874	5.92832457	0
8.05	0.9285355431	0.2755884473	-0.2487423425	-1.730695449	5.831203211	0
8.06	0.9094095662	0.3333188983	-0.2487423425	-2.093242681	5.711092076	0
8.07	0.8866982021	0.3897352249	-0.2487423425	-2.447537212	5.568464709	0
8.08	0.8604909913	0.4446150031	-0.2487423425	-2.79218222	5.403883425	0
8.09	0.8308912568	0.4977418672	-0.2487423425	-3.125818926	5.217997093	0
8.1	0.7980156971	0.548906362	-0.2487423425	-3.447131954	5.011538578	0
8.11	0.7619939253	0.5979067694	-0.2487423425	-3.754854512	4.785321851	0
8.12	0.7229679589	0.644549903	-0.2487423425	-4.047773391	4.540238782	0
8.13	0.6810916595	0.6886518702	-0.2487423425	-4.324733745	4.277255622	0
8.14	0.6365301263	0.7300387971	-0.2487423425	-4.584643646	3.997409193	0
8.15	0.5894590451	0.768547514	-0.2487423425	-4.826478388	3.701802803	0
8.16	0.5400639956	0.8040261984	-0.2487423425	-5.049284526	3.391601892	0
8.17	0.48853972	0.8363349742	-0.2487423425	-5.252183638	3.068029442	0
8.18	0.4350893551	0.8653464625	-0.2487423425	-5.434375784	2.73236115	0
8.19	0.3799236313	0.8909462843	-0.2487423425	-5.595142665	2.385920405	0
8.2	0.3232600418	0.9130335111	-0.2487423425	-5.73385045	2.030073063	0
8.21	0.2653219854	0.9315210632	-0.2487423425	-5.849952277	1.666222068	0
8.22	0.2063378854	0.9463360524	-0.2487423425	-5.942990409	1.29580192	0
8.23	0.1465402892	0.9574200701	-0.2487423425	-6.01259804	0.9202730159	0
8.24	0.08616495139	0.9647294171	-0.2487423425	-6.058500739	0.5411158948	0
8.25	0.02544990452	0.9682352759	-0.2487423425	-6.080517532	0.1598254004	0
8.26	-0.03536547972	0.9679238244	-0.2487423425	-6.078561617	-0.2220952126	0
8.27	-0.096041434	0.9637962907	-0.2487423425	-6.052640706	-0.6031402055	0
8.28	-0.1563387407	0.9558689477	-0.2487423425	-6.002856992	-0.9818072916	0
8.29	-0.216019675	0.9441730493	-0.2487423425	-5.92940675	-1.356603559	0
8.3	-0.2748489423	0.9287547071	-0.2487423425	-5.832579561	-1.726051358	0
8.31	-0.3325946055	0.9096747086	-0.2487423425	-5.71275717	-2.088694123	0
8.32	-0.3890289998	0.8870082775	-0.2487423425	-5.570411983	-2.443102119	0
8.33	-0.4439296302	0.8608447772	-0.2487423425	-5.406105201	-2.787878078	0
8.34	-0.4970800485	0.8312873585	-0.2487423425	-5.220484612	-3.121662704	0
8.35	-0.5482707068	0.7984525528	-0.2487423425	-5.014282032	-3.443140039	0
8.36	-0.5972997837	0.7624698128	-0.2487423425	-4.788310424	-3.751042642	0
8.37	-0.6439739799	0.723481002	-0.2487423425	-4.543460692	-4.044156594	0
8.38	-0.6881092804	0.6816398355	-0.2487423425	-4.280698167	-4.321326281	0
8.39	-0.7295316797	0.6371112739	-0.2487423425	-4.0010588	-4.581458949	0
8.4	-0.7680778683	0.5900708731	-0.2487423425	-3.705645083	-4.823529013	0
8.41	-0.8035958761	0.5407040919	-0.2487423425	-3.395621697	-5.046582102	0
8.42	-0.8359456718	0.489205561	-0.2487423425	-3.072210923	-5.249738819	0
8.43	-0.8649997148	0.4357783157	-0.2487423425	-2.736687822	-5.432198209	0
8.44	-0.8906434584	0.3806329952	-0.2487423425	-2.39037521	-5.593240919	0
8.45	-0.912775801	0.3239870123	-0.2487423425	-2.034638437	-5.73223203	0
8.46	-0.9313094848	0.2660636964	-0.2487423425	-1.670880013	-5.848623565	0
8.47	-0.94617144	0.2070914126	-0.2487423425	-1.300534071	-5.941956643	0
8.48	-0.9573030726	0.1473026619	-0.2487423425	-0.9250607165	-6.011863296	0
8.49	-0.9646604958	0.08693316388	-0.2487423425	-0.5459402692	-6.058067913	0
8.5	-0.9682147024	0.02622092806	-0.2487423425	-0.1646674282	-6.080388331	0
8.51	-0.96795168	-0.03459468491	-0.2487423425	0.2172546212	-6.07873655	0
8.52	-0.9638724655	-0.09527390682	-0.2487423425	0.5983201348	-6.053119083	0
8.53	-0.9559931414	-0.1555775072	-0.2487423425	0.9770267449	-6.003636928	0
8.54	-0.9443447722	-0.2152677363	-0.2487423425	1.351881384	-5.930485169	0
8.55	-0.9289732822	-0.274109263	-0.2487423425	1.721406171	-5.833952212	0
8.56	-0.9099392741	-0.3318701018	-0.2487423425	2.084144239	-5.714418642	0
8.57	-0.8873177904	-0.3883225281	-0.2487423425	2.438665476	-5.572355724	0
8.58	-0.8611980173	-0.4432439758	-0.2487423425	2.783572168	-5.408323549	0
8.59	-0.8316829331	-0.4964179145	-0.2487423425	3.117504503	-5.22296882	0
8.6	-0.7988889023	-0.5476347039	-0.2487423425	3.43914594	-5.017022306	0
8.61	-0.7629452168	-0.5966924192	-0.2487423425	3.747228393	-4.791295962	0
8.62	-0.7239935863	-0.6433976485	-0.2487423425	4.040537233	-4.546679722	0
8.63	-0.6821875791	-0.6875662542	-0.2487423425	4.317916076	-4.284137997	0
8.64	-0.6376920175	-0.7290240997	-0.2487423425	4.578271346	-4.00470587	0
8.65	-0.5906823269	-0.7676077356	-0.2487423425	4.820576579	-3.709485013	0
8.66	-0.5413438453	-0.8031650442	-0.2487423425	5.043876477	-3.399639349	0
8.67	-0.4898710918	-0.8355558392	-0.2487423425	5.24729067	-3.076390456	0
8.68	-0.4364669999	-0.8646524186	-0.2487423425	5.430017189	-2.741012759	0
8.69	-0.3813421176	-0.8903400678	-0.2487423425	5.591335626	-2.394828499	0
8.7	-0.3247137773	-0.9125175121	-0.2487423425	5.730609976	-2.039202522	0
8.71	-0.2668052386	-0.9310973159	-0.2487423425	5.847291144	-1.675536899	0
8.72	-0.2078448086	-0.9460062276	-0.2487423425	5.940919109	-1.305265398	0
8.73	-0.1480649412	-0.9571854681	-0.2487423425	6.011124739	-0.9298478305	0
8.74	-0.08770132123	-0.9645909627	-0.2487423425	6.057631246	-0.5507642973	0
8.75	-0.02699193498	-0.968193515	-0.2487423425	6.080255274	-0.1695093517	0
8.76	0.03382386816	-0.9679789218	-0.2487423425	6.078907629	0.2124138921	0
8.77	0.09450631922	-0.963948029	-0.2487423425	6.053593622	0.5934996847	0
8.78	0.154816175	-0.9561167288	-0.2487423425	6.004413057	0.9722455787	0
8.79	0.2145156611	-0.9445158962	-0.2487423425	5.931559828	1.347158352	0
8.8	0.2733694098	-0.9291912682	-0.2487423425	5.835321164	1.716759894	0
8.81	0.3311453876	-0.9102032626	-0.2487423425	5.716076489	2.079593034	0
8.82	0.3876158101	-0.8876267407	-0.2487423425	5.574295932	2.434227288	0
8.83	0.4425580402	-0.8615507113	-0.2487423425	5.410538467	2.779264493	0
8.84	0.4957554658	-0.8320779802	-0.2487423425	5.225449716	3.113344325	0
8.85	0.5469983536	-0.7993247451	-0.2487423425	5.019759399	3.435149661	0
8.86	0.5960846764	-0.763420137	-0.2487423425	4.794278461	3.743411768	0
8.87	0.6428209091	-0.7245057115	-0.2487423425	4.549895868	4.036915309	0
8.88	0.687022792	-0.6827348902	-0.2487423425	4.287575111	4.314503134	0
8.89	0.7285160574	-0.6382723566	-0.2487423425	4.0083504	4.57508084	0
8.9	0.7671371161	-0.5912934062	-0.2487423425	3.713322591	4.817621089	0
8.91	0.802733703	-0.5419832555	-0.2487423425	3.403654844	5.041167655	0
8.92	0.8351654769	-0.4905363119	-0.2487423425	3.080568039	5.244839195	0
8.93	0.8643045742	-0.4371554073	-0.2487423425	2.745335958	5.427832726	0
8.94	0.8900361126	-0.3820509983	-0.2487423425	2.399280269	5.589426787	0
8.95	0.9122586445	-0.3254403364	-0.2487423425	2.043765313	5.728984287	0
8.96	0.9308845565	-0.2675466117	-0.2487423425	1.680192721	5.845955015	0
8.97	0.9458404153	-0.2085980727	-0.2487423425	1.309995896	5.939877808	0
8.98	0.9570672565	-0.1488271266	-0.2487423425	0.9346343549	6.010382371	0
8.99	0.9645208179	-0.08846942298	-0.2487423425	0.5555879763	6.057190737	0
9	0.9681717136	-0.02776292478	-0.2487423425	0.1743511676	6.080118362	0
9.01	0.9680055497	0.03305302997	-0.2487423425	-0.2075730282	6.079074852	0
9.02	0.9640229813	0.09373867169	-0.2487423425	-0.5886788582	6.054064323	0
9.03	0.9562397099	0.1540547446	-0.2487423425	-0.9674637959	6.005185378	0
9.04	0.9446864213	0.2137634499	-0.2487423425	-1.342434465	5.932630726	0
9.05	0.9294086649	0.2726293833	-0.2487423425	-1.712112527	5.836686416	0
9.06	0.910466674	0.3304204634	-0.2487423425	-2.07504051	5.717730712	0
9.07	0.8879351281	0.3869088463	-0.2487423425	-2.429787555	5.576232604	0
9.08	0.8619028589	0.4418718241	-0.2487423425	-2.774955055	5.412749954	0
9.09	0.8324724997	0.4950927027	-0.2487423425	-3.109182173	5.227927298	0
9.1	0.7997600811	0.5463616566	-0.2487423425	-3.431151203	5.022493309	0
9.11	0.7638945731	0.5954765555	-0.2487423425	-3.739592769	4.797257919	0
9.12	0.7250173772	0.642243762	-0.2487423425	-4.033290825	4.553109129	0
9.13	0.6832817683	0.6864788941	-0.2487423425	-4.311087455	4.291009505	0
9.14	0.638852291	0.728007553	-0.2487423425	-4.571887433	4.011992388	0
9.15	0.5919041105	0.7666660101	-0.2487423425	-4.814662543	3.717157814	0
9.16	0.5426223219	0.8023018527	-0.2487423425	-5.038455635	3.407668181	0
9.17	0.4912012209	0.8347745849	-0.2487423425	-5.242384393	3.084743667	0
9.18	0.4378435375	0.8639561816	-0.2487423425	-5.42564482	2.749657416	0
9.19	0.3827596367	0.889731593	-0.2487423425	-5.587514404	2.403730519	0
9.2	0.3261666892	0.9119991984	-0.2487423425	-5.727354966	2.048326808	0
9.21	0.2682878151	0.9306712069	-0.2487423425	-5.844615179	1.684847479	0
9.22	0.2093512045	0.9456740031	-0.2487423425	-5.93883274	1.314725564	0
9.23	0.1495892176	0.956948438	-0.2487423425	-6.009636191	0.9394202866	0
9.24	0.08923746861	0.9644500616	-0.2487423425	-6.056746387	0.5604113029	0
9.25	0.02853389697	0.9681492983	-0.2487423425	-6.079977593	0.179192873	0
9.26	-0.03228217081	0.9680315638	-0.2487423425	-6.079238221	-0.2027320327	0
9.27	-0.09297096472	0.9640973223	-0.2487423425	-6.054531184	-0.5838576584	0
9.28	-0.1532932165	0.9563620846	-0.2487423425	-6.005953891	-0.9626813997	0
9.29	-0.213011103	0.9448563473	-0.2487423425	-5.933697861	-1.337709727	0
9.3	-0.2718891839	0.9296254723	-0.2487423425	-5.838047966	-1.707464075	0
9.31	-0.3296953297	0.9107295079	-0.2487423425	-5.71938131	-2.070486671	0
9.32	-0.3862016372	0.8882429524	-0.2487423425	-5.578165741	-2.425346282	0
9.33	-0.4411853277	0.8622544599	-0.2487423425	-5.414958008	-2.770643858	0
9.34	-0.4944296256	0.8328664913	-0.2487423425	-5.230401565	-3.105018049	0
9.35	-0.545724613	0.8001949099	-0.2487423425	-5.025224034	-3.42715057	0
9.36	-0.5948680571	0.7643685248	-0.2487423425	-4.800234336	-3.735771398	0
9.37	-0.6416662077	0.7255285832	-0.2487423425	-4.556319502	-4.029663784	0
9.38	-0.685934561	0.6838282132	-0.2487423425	-4.294441179	-4.307669043	0
9.39	-0.7274985871	0.6394318203	-0.2487423425	-4.015631832	-4.568691127	0
9.4	-0.766194418	0.5925144394	-0.2487423425	-3.72099068	-4.811700945	0
9.41	-0.8018694937	0.5432610442	-0.2487423425	-3.411679358	-5.03574042	0
9.42	-0.8343831636	0.4918658185	-0.2487423425	-3.08891734	-5.239926267	0
9.43	-0.8636072411	0.4385313901	-0.2487423425	-2.75397713	-5.423453474	0
9.44	-0.8894265092	0.3834680324	-0.2487423425	-2.408179243	-5.585598478	0
9.45	-0.911739174	0.3268928351	-0.2487423425	-2.052887004	-5.725722013	0
9.46	-0.930457267	0.2690288484	-0.2487423425	-1.689501168	-5.843271637	0
9.47	-0.9455069913	0.2101042036	-0.2487423425	-1.319454399	-5.937783906	0
9.48	-0.9568290127	0.1503512138	-0.2487423425	-0.9442056225	-6.0088862	0
9.49	-0.9643786936	0.09000545767	-0.2487423425	-0.5652342741	-6.056298196	0
9.5	-0.968126269	0.02930485107	-0.2487423425	-0.1840344647	-6.079832969	0
9.51	-0.968056964	-0.03151129119	-0.2487423425	0.1978909087	-6.079397734	0
9.52	-0.9641710518	-0.09220319879	-0.2487423425	0.5790360884	-6.054994205	0
9.53	-0.9564838528	-0.1525315912	-0.2487423425	0.9578983929	-6.006718596	0
9.54	-0.9450256741	-0.2122586212	-0.2487423425	1.332984141	-5.934761234	0
9.55	-0.9298416901	-0.2711488121	-0.2487423425	1.70281454	-5.839405814	0
9.56	-0.9109917644	-0.328969987	-0.2487423425	2.065931518	-5.72102828	0
9.57	-0.8885502134	-0.3854941832	-0.2487423425	2.42090347	-5.58009534	0
9.58	-0.8626055142	-0.4404985516	-0.2487423425	2.766330904	-5.417162629	0
9.59	-0.8332599547	-0.493766235	-0.2487423425	3.100851956	-5.232872516	0
9.6	-0.8006292313	-0.5450872234	-0.2487423425	3.423147763	-5.027951572	0
9.61	-0.7648419918	-0.5942591814	-0.2487423425	3.731947659	-4.803207708	0
9.62	-0.7260393291	-0.6410882464	-0.2487423425	4.026034187	-4.559526987	0
9.63	-0.6843742244	-0.6853897928	-0.2487423425	4.304247899	-4.297870129	0
9.64	-0.6400109442	-0.7269891598	-0.2487423425	4.565491923	-4.019268729	0
9.65	-0.5931243926	-0.76572234	-0.2487423425	4.808736295	-3.724821186	0
9.66	-0.5438994221	-0.8014366261	-0.2487423425	5.033022012	-3.415688371	0
9.67	-0.4925301041	-0.8339912131	-0.2487423425	5.237464818	-3.093089054	0
9.68	-0.4392189646	-0.8632577531	-0.2487423425	5.421258689	-2.758295097	0
9.69	-0.3841761849	-0.8891208613	-0.2487423425	5.583679009	-2.412626441	0
9.7	-0.3276187737	-0.9114785714	-0.2487423425	5.724085429	-2.057445899	0
9.71	-0.2697697111	-0.9302427372	-0.2487423425	5.841924389	-1.694153785	0
9.72	-0.2108570695	-0.94533938	-0.2487423425	5.936731306	-1.324182396	0
9.73	-0.1511131146	-0.9567089806	-0.2487423425	6.008132398	-0.9489903598	0
9.74	-0.09077338964	-0.9643067141	-0.2487423425	6.055846164	-0.5700568869	0
9.75	-0.03007578659	-0.9681026258	-0.2487423425	6.07968449	-0.1888759398	0
9.76	0.03074039158	-0.9680817504	-0.2487423425	6.079553392	0.1930496591	0
9.77	0.0914353744	-0.96424417	-0.2487423425	6.055453388	0.5742141512	0
9.78	0.1517698692	-0.9566050145	-0.2487423425	6.007479491	0.9531147787	0
9.79	0.2115060047	-0.9451944017	-0.2487423425	5.935820843	1.328257709	0
9.8	0.2704082684	-0.9300573184	-0.2487423425	5.840759959	1.698163925	0
9.81	0.3282444356	-0.9112534431	-0.2487423425	5.722671623	2.061375055	0
9.82	0.3847864847	-0.888856911	-0.2487423425	5.582021401	2.416459124	0
9.83	0.4398114961	-0.8629560215	-0.2487423425	5.419363815	2.762016195	0
9.84	0.4931025313	-0.8336528898	-0.2487423425	5.235340148	3.096683897	0
9.85	0.5444494881	-0.8010630449	-0.2487423425	5.030675922	3.419142785	0
9.86	0.5936499289	-0.7653149737	-0.2487423425	4.806178035	3.728121553	0
9.87	0.6405098786	-0.7265496146	-0.2487423425	4.562731579	4.022402038	0
9.88	0.68484459	-0.6849198016	-0.2487423425	4.301296354	4.300824025	0
9.89	0.7264792714	-0.6405896621	-0.2487423425	4.022903078	4.562289825	0
9.9	0.7652497764	-0.5937339697	-0.2487423425	3.72864933	4.805768596	0
9.91	0.8010032504	-0.544537455	-0.2487423425	3.419695218	5.030300412	0
9.92	0.8335987338	-0.4931940774	-0.2487423425	3.097258806	5.235000048	0
9.93	0.8629077176	-0.4399062605	-0.2487423425	2.762611316	5.419060466	0
9.94	0.8888146496	-0.3848840938	-0.2487423425	2.417072109	5.581756	0
9.95	0.9112173909	-0.3283445045	-0.2487423425	2.062003489	5.722445215	0
9.96	0.9300276174	-0.2705104027	-0.2487423425	1.698805329	5.840573437	0
9.97	0.9451711691	-0.2116098016	-0.2487423425	1.328909554	5.935674942	0
9.98	0.9565883419	-0.1518749196	-0.2487423425	0.9537744952	6.007374787	0
9.99	0.964234123	-0.09154126405	-0.2487423425	0.5748791383	6.055390293	0
10	0.9680783687	-0.03084670303	-0.2487423425	0.193717295	6.079532156	0
